15	0.0001102449100658659	0.000537235905787128
14.97002997002997	0.0001098223577710346	0.0005362378454661606
14.94017946161515	0.0001094021968257439	0.0005352432574758211
14.91044776119403	0.000108984409476925	0.0005342521246882115
14.88083416087388	0.0001085689781334632	0.0005332644300786956
14.85133795837463	0.0001081558853644583	0.0005322801567252298
14.82195845697329	0.0001077451138975038	0.0005312992878076933
14.79269496544916	0.0001073366466169896	0.0005303218066072249
14.76354679802956	0.0001069304665624236	0.0005293476965055611
14.73451327433628	0.0001065265569267755	0.000528376940984382
14.70559371933268	0.0001061249010548397	0.0005274095236246554
14.6767874632713	0.0001057254824416182	0.000526445428105989
14.64809384164223	0.0001053282847307243	0.0005254846382059836
14.61951219512195	0.0001049332917128042	0.0005245271377995915
14.59104186952288	0.000104540487323979	0.0005235729108584792
14.56268221574344	0.0001041498556443049	0.0005226219414503905
14.53443258971872	0.0001037613808962523	0.0005216742137385168
14.50629235237173	0.0001033750474432037	0.0005207297119808705
14.47826086956522	0.0001029908397879686	0.0005197884205296591
14.450337512054	0.0001026087425713175	0.0005188503238306687
14.42252165543792	0.0001022287405705332	0.0005179154064226442
14.39481268011527	0.0001018508186979791	0.0005169836529366797
14.36720997123681	0.0001014749619996853	0.0005160550480956072
14.33971291866029	0.0001011011556539511	0.0005151295767133939
14.31232091690544	0.0001007293849699646	0.0005142072236945391
14.28503336510963	0.0001003596353864388	0.0005132879740334763
14.25784966698382	9.999189247026398e-05	0.0005123718128139798
14.23076923076923	9.962614191517559e-05	0.0005114587252085748
14.20379146919431	9.926236954043909e-05	0.0005105486964779487
14.17691579943235	9.890056128954919e-05	0.0005096417119703694
14.15014164305949	9.854070322894575e-05	0.0005087377571211053
14.12346842601319	9.818278154674376e-05	0.0005078368174518496
14.09689557855127	9.782678255147918e-05	0.0005069388785701476
14.07042253521127	9.747269267086919e-05	0.0005060439261688282
14.04404873477039	9.712049845058719e-05	0.0005051519460254387
14.0177736202058	9.677018655305227e-05	0.0005042629240016837
13.99159663865546	9.642174375623297e-05	0.0005033768460428666
13.96551724137931	9.607515695246474e-05	0.0005024936981773356
13.93953488372093	9.57304131472819e-05	0.000501613466515933
13.91364902506964	9.53874994582625e-05	0.0005007361372514474
13.88785912882298	9.504640311388762e-05	0.000499861696658071
13.86216466234968	9.470711145241324e-05	0.0004989901310908578
13.83656509695291	9.436961192075534e-05	0.0004981214269851879
13.8110599078341	9.40338920733886e-05	0.0004972555708562354
13.78564857405704	9.369993957125721e-05	0.000496392549298436
13.7603305785124	9.33677421806986e-05	0.0004955323489849627
13.73510540788267	9.303728777238007e-05	0.0004946749566672032
13.7099725526075	9.270856432024667e-05	0.0004938203591742392
13.68493150684932	9.23815599004824e-05	0.0004929685434123305
13.65998176845943	9.205626269048292e-05	0.0004921194963644045
13.6351228389445	9.17326609678398e-05	0.0004912732050895448
13.61035422343324	9.141074310933704e-05	0.0004904296567224864
13.5856754306437	9.109049758995878e-05	0.0004895888384731133
13.56108597285068	9.077191298190846e-05	0.0004887507376259598
13.53658536585366	9.045497795363935e-05	0.0004879153415397135
13.51217312894499	9.013968126889603e-05	0.0004870826376467248
13.48784878487849	8.982601178576681e-05	0.0004862526134525164
13.46361185983827	8.951395845574725e-05	0.0004854252565352983
13.43946188340807	8.920351032281396e-05	0.0004846005545454846
13.41539838854074	8.889465652250924e-05	0.0004837784952052157
13.39142091152815	8.858738628103602e-05	0.0004829590663078797
13.36752899197145	8.82816889143631e-05	0.000482142255717643
13.34372217275156	8.797755382734046e-05	0.0004813280513689773
13.32	8.767497051282465e-05	0.0004805164412661961
13.2963620230701	8.73739285508143e-05	0.0004797074134829898
13.27280779450841	8.707441760759457e-05	0.0004789009561619668
13.24933687002653	8.677642743489256e-05	0.000478097057514195
13.22594880847308	8.64799478690409e-05	0.0004772957058187496
13.20264317180616	8.618496883015163e-05	0.0004764968894222617
13.17941952506596	8.58914803212992e-05	0.0004757005967384714
13.15627743634767	8.559947242771192e-05	0.0004749068162477816
13.13321647677476	8.530893531597372e-05	0.0004741155364968195
13.11023622047244	8.501985923323357e-05	0.000473326746097995
13.08733624454148	8.473223450642464e-05	0.0004725404337290675
13.06451612903226	8.444605154149188e-05	0.000471756588132713
13.04177545691906	8.416130082262768e-05	0.0004709751981160942
13.01911381407472	8.3877972911517e-05	0.0004701962525504349
12.99653078924544	8.359605844658998e-05	0.0004694197403705956
12.97402597402597	8.331554814228357e-05	0.0004686456505746544
12.95159896283492	8.303643278831058e-05	0.0004678739722234877
12.92924935289042	8.275870324893755e-05	0.0004671046944403571
12.90697674418605	8.248235046226995e-05	0.000466337806410496
12.8847807394669	8.220736543954593e-05	0.0004655732973807026
12.86266094420601	8.193373926443702e-05	0.0004648111566589317
12.84061696658098	8.166146309235743e-05	0.0004640513736138933
12.81864841745081	8.139052814978001e-05	0.0004632939376746511
12.79675491033305	8.112092573356059e-05	0.0004625388383302253
12.77493606138107	8.085264721026893e-05	0.0004617860651291976
12.7531914893617	8.058568401552761e-05	0.0004610356076793185
12.73152081563297	8.03200276533577e-05	0.0004602874556471194
12.70992366412214	8.005566969553181e-05	0.0004595415987575247
12.68839966130398	7.979260178093404e-05	0.0004587980267934684
12.66694843617921	7.95308156149271e-05	0.0004580567295955127
12.64556962025317	7.92703029687259e-05	0.0004573176970614694
12.62426284751474	7.90110556787785e-05	0.0004565809191460256
12.60302775441547	7.875306564615314e-05	0.0004558463858603672
12.58186397984887	7.849632483593235e-05	0.0004551140872718115
12.56077116512992	7.824082527661344e-05	0.0004543840135034374
12.53974895397489	7.798655905951541e-05	0.0004536561547337202
12.5187969924812	7.773351833819232e-05	0.0004529305011961701
12.49791492910759	7.748169532785302e-05	0.00045220704317897
12.47710241465445	7.723108230478685e-05	0.0004514857710246195
12.45635910224439	7.698167160579591e-05	0.0004507666751295777
12.4356846473029	7.673345562763288e-05	0.000450049745943913
12.41507870753935	7.64864268264455e-05	0.0004493349739709507
12.39454094292804	7.624057771722629e-05	0.0004486223497669267
12.37407101568951	7.599590087326879e-05	0.0004479118639406414
12.35366859027205	7.575238892562889e-05	0.0004472035071531177
12.33333333333333	7.551003456259272e-05	0.0004464972701172592
12.31306491372227	7.526883052914933e-05	0.0004457931435975138
12.29286300246103	7.502876962646971e-05	0.0004450911184095373
12.27272727272727	7.478984471139077e-05	0.0004443911854198603
12.25265739983647	7.455204869590496e-05	0.0004436933355455567
12.23265306122449	7.431537454665566e-05	0.0004429975597539171
12.21271393643032	7.407981528443708e-05	0.0004423038490621199
12.19283970707893	7.38453639837003e-05	0.0004416121945369097
12.17303005686434	7.361201377206376e-05	0.0004409225872942735
12.15328467153285	7.337975782982952e-05	0.0004402350184991245
12.1336032388664	7.314858938950424e-05	0.0004395494793649826
12.11398544866613	7.291850173532501e-05	0.00043886596115366
12.09443099273608	7.268948820279072e-05	0.0004381844551749493
12.07493956486704	7.246154217819769e-05	0.0004375049527863119
12.0555108608206	7.223465709818072e-05	0.0004368274453925725
12.03614457831325	7.200882644925825e-05	0.000436151924445609
12.0168404170008	7.178404376738309e-05	0.0004354783814440533
11.99759807846277	7.156030263749697e-05	0.0004348068079329862
11.97841726618705	7.133759669309046e-05	0.0004341371955036396
11.95929768555467	7.111591961576677e-05	0.0004334695357930985
11.9402390438247	7.089526513481054e-05	0.0004328038204840063
11.92124105011933	7.067562702676112e-05	0.0004321400413042707
11.90230341540905	7.045699911498965e-05	0.0004314781900267736
11.88342585249802	7.023937526928142e-05	0.000430818258469082
11.8646080760095	7.00227494054216e-05	0.0004301602384931603
11.84584980237154	6.980711548478584e-05	0.000429504122005086
11.82715074980268	6.959246751393511e-05	0.000428849900954766
11.80851063829787	6.937879954421401e-05	0.000428197567335658
11.78992918961448	6.916610567135407e-05	0.0004275471131844876
11.77140612725844	6.89543800350805e-05	0.0004268985305809754
11.75294117647059	6.874361681872313e-05	0.0004262518116475596
11.734534064213	6.853381024883152e-05	0.0004256069485491243
11.71618451915559	6.83249545947936e-05	0.0004249639334927266
11.69789227166276	6.811704416845851e-05	0.00042432275872733
11.6796570537802	6.791007332376315e-05	0.0004236834165435355
11.66147859922179	6.770403645636253e-05	0.000423045899273316
11.64335664335664	6.749892800326378e-05	0.0004224101992897537
11.62529092319628	6.729474244246407e-05	0.0004217763090067788
11.60728117738187	6.709147429259198e-05	0.0004211442208789088
11.58932714617169	6.688911811255258e-05	0.00042051392740099
11.57142857142857	6.668766850117608e-05	0.0004198854211079434
11.55358519660756	6.648712009687009e-05	0.0004192586945745096
11.53579676674365	6.628746757727515e-05	0.0004186337404149953
11.51806302843966	6.608870565892403e-05	0.0004180105512830243
11.50038372985418	6.589082909690414e-05	0.0004173891198712872
11.48275862068965	6.569383268452352e-05	0.0004167694389112944
11.46518745218057	6.549771125298011e-05	0.000416151501173132
11.44766997708174	6.530245967103436e-05	0.0004155352994652162
11.43020594965675	6.510807284468501e-05	0.0004149208266340536
11.41279512566641	6.491454571684814e-05	0.0004143080755639986
11.39543726235741	6.472187326703958e-05	0.0004136970391770163
11.37813211845103	6.453005051106005e-05	0.0004130877104324456
11.36087945413192	6.433907250068395e-05	0.0004124800823267638
11.34367903103709	6.414893432335088e-05	0.0004118741478933529
11.3265306122449	6.395963110186031e-05	0.0004112699002022681
11.30943396226415	6.377115799406924e-05	0.0004106673323600065
11.29238884702336	6.358351019259288e-05	0.0004100664375092803
11.27539503386004	6.339668292450845e-05	0.0004094672088287885
11.25845229151014	6.321067145106139e-05	0.0004088696395329917
11.24156039009752	6.302547106737501e-05	0.0004082737228718886
11.2247191011236	6.284107710216278e-05	0.0004076794521307931
11.20792819745699	6.265748491744326e-05	0.0004070868206301146
11.19118745332337	6.247468990825811e-05	0.0004064958217251381
11.1744966442953	6.229268750239284e-05	0.000405906448805807
11.1578555472822	6.211147316010001e-05	0.000405318695296507
11.14126394052045	6.193104237382519e-05	0.0004047325546558515
11.12472160356348	6.175139066793606e-05	0.0004041480203764683
11.10822831727205	6.157251359845351e-05	0.0004035650859847888
11.09178386380459	6.139440675278573e-05	0.0004029837450408366
11.07538802660754	6.121706574946477e-05	0.0004024039911380213
11.05904059040591	6.10404862378857e-05	0.0004018258179029285
11.04274134119381	6.086466389804818e-05	0.000401249218995116
11.02649006622516	6.068959444030064e-05	0.0004006741881069099
11.01028655400441	6.0515273605087e-05	0.0004001007189632
10.99413059427733	6.034169716269554e-05	0.0003995288053212404
10.97802197802198	6.016886091301057e-05	0.0003989584409704481
10.96196049743965	5.99967606852661e-05	0.0003983896197322047
10.94594594594595	5.982539233780233e-05	0.0003978223354596604
10.92997811816193	5.965475175782396e-05	0.0003972565820375364
10.91405680990532	5.948483486116123e-05	0.0003966923533819322
10.89818181818182	5.931563759203308e-05	0.0003961296434401309
10.88235294117647	5.914715592281248e-05	0.0003955684461904091
10.8665699782451	5.897938585379423e-05	0.0003950087556418454
10.85083272990587	5.881232341296487e-05	0.0003944505658341317
10.8351409978308	5.864596465577461e-05	0.000393893870837385
10.81949458483754	5.84803056649117e-05	0.0003933386647519623
10.80389329488104	5.831534255007877e-05	0.0003927849417082736
10.78833693304536	5.815107144777138e-05	0.0003922326958666002
10.77282530553559	5.798748852105859e-05	0.0003916819214169093
10.75735821966978	5.782458995936567e-05	0.0003911326125786765
10.74193548387097	5.766237197825888e-05	0.0003905847636007018
10.72655690765927	5.750083081923215e-05	0.0003900383687609335
10.71122230164403	5.733996274949592e-05	0.0003894934223662892
10.69593147751606	5.717976406176796e-05	0.0003889499187524808
10.68068424803992	5.702023107406593e-05	0.0003884078522838379
10.66548042704626	5.686136012950237e-05	0.0003878672173531359
10.65031982942431	5.670314759608099e-05	0.0003873280083814208
10.63520227111426	5.65455898664953e-05	0.0003867902198178391
10.62012756909993	5.638868335792913e-05	0.000386253846139469
10.60509554140127	5.623242451185874e-05	0.0003857188818511479
10.59010600706714	5.607680979385702e-05	0.0003851853214853072
10.57515878616796	5.592183569339933e-05	0.0003846531596018037
10.56025369978858	5.576749872367136e-05	0.0003841223907877559
10.54539057002111	5.561379542137857e-05	0.0003835930096573782
10.53056921995783	5.54607223465575e-05	0.0003830650108518172
10.51578947368421	5.530827608238897e-05	0.000382538389038991
10.5010511562719	5.515645323501257e-05	0.0003820131389134256
10.48635409377187	5.500525043334343e-05	0.0003814892551960976
10.47169811320755	5.485466432889024e-05	0.0003809667326342733
10.45708304256804	5.470469159557519e-05	0.0003804455660013526
10.44250871080139	5.455532892955548e-05	0.0003799257500967106
10.42797494780793	5.440657304904652e-05	0.0003794072797455423
10.41348158443363	5.425842069414664e-05	0.0003788901497987095
10.39902845246357	5.411086862666361e-05	0.0003783743551325843
10.38461538461539	5.396391362994261e-05	0.0003778598906489009
10.37024221453287	5.381755250869567e-05	0.000377346751274599
10.35590877677954	5.367178208883306e-05	0.0003768349319616782
10.3416149068323	5.352659921729575e-05	0.0003763244276870455
10.32736044107512	5.338200076188963e-05	0.0003758152334523677
10.31314521679284	5.323798361112134e-05	0.0003753073442839247
10.29896907216495	5.309454467403553e-05	0.0003748007552324635
10.28483184625944	5.295168088005319e-05	0.0003742954613730501
10.27073337902673	5.280938917881229e-05	0.0003737914578049293
10.25667351129363	5.266766654000905e-05	0.000373288739651378
10.24265208475735	5.252650995324115e-05	0.0003727873020595641
10.22866894197952	5.238591642785206e-05	0.0003722871402004058
10.21472392638037	5.224588299277701e-05	0.0003717882492684293
10.20081688223281	5.21064066963903e-05	0.0003712906244816305
10.1869476546567	5.196748460635379e-05	0.0003707942610813366
10.17311608961303	5.182911380946697e-05	0.0003702991543320684
10.15932203389831	5.169129141151834e-05	0.0003698052995214025
10.14556533513879	5.155401453713806e-05	0.0003693126919598376
10.13184584178499	5.141728032965203e-05	0.0003688213269806567
10.11816340310601	5.128108595093701e-05	0.0003683311999397967
10.10451786918409	5.114542858127747e-05	0.0003678423062157125
10.09090909090909	5.101030541922344e-05	0.000367354641209247
10.0773369199731	5.08757136814494e-05	0.0003668682003434972
10.06380120886501	5.074165060261517e-05	0.0003663829790636872
10.05030181086519	5.060811343522715e-05	0.0003658989728370358
10.03683858004019	5.047509944950144e-05	0.0003654161771526302
10.02341137123746	5.03426059332279e-05	0.0003649345875212964
10.01002004008016	5.021063019163547e-05	0.0003644541994754729
9.996664442961976	5.007916954725866e-05	0.0003639750085690867
9.983344437041971	4.994822133980527e-05	0.0003634970103774243
9.970059880239521	4.981778292602523e-05	0.0003630202004970096
9.956810631229237	4.968785167958071e-05	0.0003625445745454822
9.943596549435966	4.95584249909172e-05	0.00036207012816147
9.930417495029822	4.942950026713577e-05	0.0003615968570044722
9.917273328921244	4.930107493186678e-05	0.0003611247567547357
9.904163912756113	4.917314642514393e-05	0.0003606538231131345
9.89108910891089	4.904571220328052e-05	0.0003601840518010517
9.878048780487806	4.891876973874561e-05	0.0003597154385602611
9.865042791310071	4.879231652004223e-05	0.0003592479791528072
9.852071005917159	4.866635005158614e-05	0.0003587816693608917
9.839133289560079	4.854086785358565e-05	0.0003583165049867518
9.82622950819672	4.841586746192293e-05	0.0003578524818525516
9.813359528487229	4.829134642803566e-05	0.0003573895958002606
9.800523217789404	4.816730231880039e-05	0.0003569278426915456
9.787720444154148	4.804373271641644e-05	0.0003564672184076534
9.774951076320939	4.79206352182911e-05	0.0003560077188492998
9.762214983713356	4.779800743692563e-05	0.0003555493399365594
9.749512036434615	4.767584699980237e-05	0.0003550920776087512
9.736842105263159	4.755415154927287e-05	0.0003546359278243316
9.724205061648281	4.743291874244661e-05	0.0003541808865607827
9.711600777705767	4.731214625108137e-05	0.0003537269498145049
9.699029126213594	4.719183176147396e-05	0.0003532741136007102
9.686489980607629	4.707197297435192e-05	0.0003528223739533094
9.673983214977403	4.69525676047667e-05	0.0003523717269248132
9.661508704061896	4.68336133819871e-05	0.0003519221685862193
9.64906632324533	4.671510804939391e-05	0.0003514736950269116
9.636655948553054	4.659704936437556e-05	0.0003510263023545538
9.624277456647398	4.647943509822451e-05	0.0003505799866949865
9.611930724823605	4.636226303603456e-05	0.0003501347441921224
9.599615631005765	4.624553097659895e-05	0.0003496905710078459
9.587332053742802	4.612923673230966e-05	0.0003492474633219106
9.575079872204473	4.601337812905705e-05	0.0003488054173318369
9.562858966177409	4.589795300613088e-05	0.0003483644292528134
9.550669216061186	4.57829592161218e-05	0.0003479244953175953
9.538510502864419	4.566839462482387e-05	0.0003474856117764076
9.52638270820089	4.555425711113774e-05	0.0003470477748968443
9.514285714285716	4.544054456697494e-05	0.0003466109809637711
9.502219403931516	4.532725489716266e-05	0.0003461752262792289
9.490183660544648	4.521438601934948e-05	0.0003457405071623366
9.478178368121442	4.510193586391204e-05	0.0003453068199491956
9.466203411244472	4.498990237386204e-05	0.0003448741609927945
9.454258675078865	4.487828350475474e-05	0.0003444425266629128
9.442344045368619	4.476707722459753e-05	0.0003440119133460295
9.430459408432977	4.46562815137596e-05	0.0003435823174452268
9.418604651162791	4.454589436488252e-05	0.0003431537353801001
9.406779661016948	4.44359137827911e-05	0.0003427261635866635
9.394984326018809	4.432633778440558e-05	0.0003422995985172579
9.383218534752661	4.421716439865394e-05	0.000341874036640463
9.371482176360226	4.410839166638566e-05	0.0003414494744410026
9.359775140537165	4.400001764028536e-05	0.0003410259084196584
9.348097317529632	4.389204038478794e-05	0.000340603335093178
9.336448598130842	4.378445797599393e-05	0.0003401817509941876
9.32482887367766	4.367726850158577e-05	0.0003397611526711034
9.313238036047233	4.357047006074465e-05	0.0003393415366880443
9.301675977653632	4.34640607640682e-05	0.0003389228996247441
9.290142591444514	4.335803873348874e-05	0.0003385052380764657
9.278637770897832	4.32524021021922e-05	0.0003380885486539157
9.267161410018552	4.314714901453781e-05	0.0003376728279831573
9.25571340333539	4.304227762597843e-05	0.000337258072705527
9.244293645897594	4.29377861029814e-05	0.0003368442794775497
9.232902033271719	4.283367262295027e-05	0.0003364314449708557
9.221538461538461	4.272993537414694e-05	0.000336019565872096
9.210202827289489	4.262657255561468e-05	0.0003356086388828618
9.19889502762431	4.252358237710157e-05	0.0003351986607195991
9.187614960147149	4.242096305898474e-05	0.0003347896281135311
9.176362522963871	4.2318712832195e-05	0.0003343815378105746
9.165137614678899	4.221682993814248e-05	0.0003339743865712592
9.153940134392181	4.211531262864239e-05	0.0003335681711706497
9.142769981696157	4.201415916584182e-05	0.0003331628883982627
9.131627056672761	4.191336782214684e-05	0.0003327585350579919
9.120511259890444	4.181293688015045e-05	0.0003323551079680249
9.109422492401215	4.171286463256078e-05	0.000331952603960771
9.098360655737705	4.16131493821302e-05	0.0003315510198827778
9.087325651910248	4.151378944158488e-05	0.0003311503525946567
9.076317383403998	4.14147831335549e-05	0.0003307505989710081
9.065335753176043	4.131612879050489e-05	0.0003303517559003428
9.054380664652568	4.121782475466544e-05	0.0003299538202850064
9.04345202172601	4.111986937796474e-05	0.0003295567890411062
9.032549728752262	4.102226102196104e-05	0.0003291606590984342
9.021673690547862	4.092499805777562e-05	0.0003287654274003954
9.010823812387253	4.082807886602611e-05	0.0003283710909039322
9	4.073150183676064e-05	0.0003279776465794519
8.989202159568087	4.063526536939216e-05	0.0003275850914107524
8.978430197723188	4.053936787263377e-05	0.0003271934223949548
8.967684021543986	4.044380776443401e-05	0.0003268026365424248
8.956963538553497	4.034858347191314e-05	0.0003264127308767063
8.94626865671642	4.025369343129968e-05	0.0003260237024344484
8.935599284436496	4.015913608786754e-05	0.0003256355482653351
8.9249553305539	4.006490989587361e-05	0.0003252482654320153
8.914336704342654	3.997101331849587e-05	0.0003248618510100327
8.903743315508022	3.987744482777203e-05	0.0003244763020877592
8.893175074183976	3.978420290453863e-05	0.0003240916157663232
8.882631890930647	3.969128603837058e-05	0.0003237077891595405
8.872113676731795	3.959869272752126e-05	0.0003233248193938504
8.861620342992312	3.950642147886304e-05	0.0003229427036082457
8.851151801535735	3.941447080782832e-05	0.0003225614389542047
8.840707964601769	3.932283923835095e-05	0.000322181022595627
8.830288744843843	3.923152530280828e-05	0.0003218014517087653
8.819894055326662	3.914052754196347e-05	0.0003214227234821614
8.80952380952381	3.904984450490838e-05	0.0003210448351165787
8.799177921315325	3.895947474900681e-05	0.0003206677838249388
8.788856304985339	3.88694168398385e-05	0.0003202915668322575
8.778558875219684	3.877966935114296e-05	0.0003199161813755772
8.768285547103568	3.869023086476448e-05	0.0003195416247039073
8.75803623611923	3.860109997059693e-05	0.0003191678940781592
8.747810858143607	3.851227526652936e-05	0.0003187949867710821
8.737609329446064	3.842375535839207e-05	0.000318422900067202
8.72743156668608	3.833553885990272e-05	0.0003180516312627588
8.717277486910994	3.824762439261331e-05	0.0003176811776656444
8.707147007553749	3.816001058585723e-05	0.0003173115365953416
8.697040046430644	3.807269607669703e-05	0.000316942705382863
8.68695652173913	3.798567950987225e-05	0.00031657468137069
8.676896352055588	3.789895953774806e-05	0.000316207461912713
8.666859456333142	3.781253482026382e-05	0.0003158410443741704
8.65684575389948	3.772640402488256e-05	0.0003154754261315893
8.646855164454703	3.764056582654043e-05	0.0003151106045727297
8.636887608069166	3.755501890759677e-05	0.0003147465770965194
8.626943005181348	3.746976195778447e-05	0.0003143833411129997
8.617021276595745	3.738479367416082e-05	0.0003140208940432672
8.607122343480759	3.73001127610586e-05	0.0003136592333194141
8.59724612736661	3.721571793003767e-05	0.0003132983563844725
8.587392550143266	3.713160789983681e-05	0.0003129382606923567
8.577561534058388	3.704778139632614e-05	0.0003125789437078057
8.567753001715266	3.696423715245957e-05	0.0003122204029063291
8.557966876070816	3.688097390822806e-05	0.0003118626357741477
8.548203080433543	3.679799041061276e-05	0.000311505639808142
8.538461538461538	3.671528541353892e-05	0.000311149412515792
8.528742174160501	3.663285767782991e-05	0.0003107939514151262
8.519044911881752	3.655070597116164e-05	0.0003104392540346655
8.509369676320272	3.646882906801742e-05	0.000310085317913368
8.499716392512763	3.638722574964303e-05	0.0003097321406005764
8.490084985835693	3.630589480400225e-05	0.0003093797196559639
8.480475382003396	3.622483502573268e-05	0.0003090280526494804
8.470887507066138	3.614404521610182e-05	0.0003086771371612991
8.461321287408246	3.60635241829637e-05	0.000308326970781765
8.451776649746192	3.598327074071553e-05	0.0003079775511113416
8.44225352112676	3.590328371025504e-05	0.0003076288757605595
8.432751828925154	3.582356191893783e-05	0.0003072809423499644
8.423271500843171	3.574410420053515e-05	0.0003069337485100638
8.413812464907355	3.566490939519217e-05	0.0003065872918812793
8.40437464946719	3.558597634938621e-05	0.0003062415701138941
8.394957983193278	3.550730391588563e-05	0.0003058965808680009
8.385562395075546	3.542889095370893e-05	0.0003055523218134538
8.376187814421465	3.535073632808396e-05	0.0003052087906298179
8.36683417085427	3.527283891040772e-05	0.0003048659850063196
8.35750139431121	3.519519757820633e-05	0.000304523902641797
8.348189415041782	3.511781121509526e-05	0.0003041825412446502
8.338898163606009	3.504067871073996e-05	0.0003038418985327946
8.329627570872708	3.49637989608167e-05	0.0003035019722336102
8.320377568017769	3.48871708669738e-05	0.0003031627600838957
8.311148086522463	3.481079333679299e-05	0.000302824259829818
8.301939058171747	3.473466528375129e-05	0.0003024864692268661
8.292750415052573	3.46587856271829e-05	0.0003021493860398044
8.283582089552239	3.458315329224165e-05	0.0003018130080426251
8.274434014356709	3.450776720986356e-05	0.000301477333018501
8.265306122448978	3.443262631672967e-05	0.0003011423587597391
8.256198347107437	3.435772955522921e-05	0.0003008080830677344
8.247110621904238	3.428307587342312e-05	0.000300474503752925
8.238042880703684	3.420866422500765e-05	0.0003001416186347459
8.228995057660626	3.413449356927835e-05	0.0002998094255415823
8.219967087218869	3.406056287109431e-05	0.0002994779223107266
8.210958904109591	3.398687110084277e-05	0.0002991471067883326
8.201970443349753	3.39134172344037e-05	0.0002988169768293704
8.193001640240569	3.384020025311493e-05	0.0002984875302975829
8.184052430365922	3.376721914373747e-05	0.0002981587650654414
8.175122749590834	3.369447289842098e-05	0.0002978306790141021
8.166212534059945	3.362196051466961e-05	0.0002975032700333631
8.15732172019597	3.354968099530803e-05	0.0002971765360216186
8.148450244698205	3.347763334844767e-05	0.0002968504748858185
8.139598044541009	3.340581658745342e-05	0.0002965250845414264
8.130765056972328	3.333422973091026e-05	0.0002962003629123742
8.121951219512196	3.326287180259036e-05	0.0002958763079310192
8.113156469951273	3.319174183142038e-05	0.000295552917538108
8.104380746349378	3.312083885144892e-05	0.0002952301896827281
8.095623987034037	3.305016190181437e-05	0.0002949081223222692
8.086886130599028	3.297971002671276e-05	0.0002945867134223832
8.078167115902966	3.290948227536613e-05	0.0002942659609569404
8.069466882067852	3.283947770199088e-05	0.0002939458629079911
8.060785368477676	3.276969536576649e-05	0.0002936264172657227
8.052122514777002	3.270013433080446e-05	0.0002933076220284219
8.043478260869566	3.263079366611738e-05	0.0002929894752024321
8.034852546916891	3.256167244558832e-05	0.000292671974802116
8.026245313336906	3.249276974794046e-05	0.0002923551188498148
8.01765650080257	3.242408465670684e-05	0.0002920389053758078
8.009086050240512	3.23556162602004e-05	0.0002917233324182749
8.000533902829687	3.228736365148421e-05	0.0002914083980232571
7.991999999999999	3.221932592834194e-05	0.0002910941002446172
7.983484283431007	3.21515021932485e-05	0.0002907804371440019
7.974986695050558	3.208389155334098e-05	0.0002904674067908039
7.966507177033493	3.201649312038968e-05	0.0002901550072621229
7.958045671800318	3.194930601076938e-05	0.0002898432366427283
7.949602122015916	3.188232934543098e-05	0.0002895320930250224
7.941176470588236	3.181556224987304e-05	0.0002892215745090006
7.932768660667021	3.17490038541138e-05	0.0002889116792022176
7.924378635642517	3.168265329266325e-05	0.0002886024052197471
7.916006339144214	3.161650970449546e-05	0.0002882937506841477
7.907651715039577	3.155057223302111e-05	0.0002879857137254242
7.899314707432787	3.148484002606012e-05	0.000287678292480993
7.890995260663506	3.141931223581466e-05	0.0002873714850956458
7.882693319305628	3.135398801884212e-05	0.0002870652897215123
7.874408828166053	3.128886653602847e-05	0.0002867597045180256
7.866141732283464	3.122394695256183e-05	0.0002864547276518876
7.85789197692711	3.115922843790594e-05	0.0002861503572970306
7.8496595075956	3.109471016577411e-05	0.0002858465916345868
7.841444270015699	3.103039131410331e-05	0.0002855434288528482
7.83324621014114	3.096627106502828e-05	0.0002852408671472366
7.825065274151436	3.090234860485605e-05	0.0002849389047202655
7.816901408450704	3.083862312404044e-05	0.0002846375397815087
7.808754559666492	3.077509381715683e-05	0.0002843367705475637
7.800624674648621	3.071175988287723e-05	0.0002840365952420203
7.79251170046802	3.064862052394516e-05	0.0002837370120954245
7.784415584415585	3.05856749471512e-05	0.0002834380193452452
7.776336274001039	3.052292236330831e-05	0.0002831396152358443
7.768273716951789	3.046036198722749e-05	0.0002828417980184383
7.760227861211809	3.039799303769363e-05	0.0002825445659510694
7.752198654940508	3.033581473744148e-05	0.0002822479172985702
7.744186046511629	3.027382631313181e-05	0.0002819518503325348
7.736189984512133	3.021202699532768e-05	0.0002816563633312799
7.728210417741106	3.015041601847104e-05	0.0002813614545798191
7.720247295208656	3.008899262085923e-05	0.0002810671223698287
7.712300566134842	3.002775604462188e-05	0.0002807733649996134
7.704370179948587	2.996670553569795e-05	0.0002804801807740783
7.696456086286597	2.990584034381268e-05	0.0002801875680046942
7.688558234992304	2.984515972245503e-05	0.0002798955250094691
7.680676576114813	2.978466292885514e-05	0.0002796040501129156
7.672811059907834	2.972434922396187e-05	0.0002793131416460204
7.664961636828643	2.966421787242052e-05	0.0002790227979462111
7.657128257537047	2.960426814255096e-05	0.0002787330173573314
7.649310872894334	2.954449930632544e-05	0.0002784437982296031
7.641509433962263	2.948491063934699e-05	0.0002781551389196022
7.633723892002037	2.942550142082772e-05	0.0002778670377902256
7.625954198473281	2.936627093356744e-05	0.0002775794932106609
7.618200305033045	2.930721846393214e-05	0.000277292503556359
7.610462163534789	2.924834330183305e-05	0.0002770060672090027
7.602739726027397	2.91896447407054e-05	0.0002767201825564756
7.595032944754181	2.913112207748766e-05	0.0002764348479928379
7.587341772151899	2.907277461260076e-05	0.0002761500619182915
7.579666160849773	2.901460164992746e-05	0.0002758658227391564
7.572006063668519	2.895660249679194e-05	0.0002755821288678364
7.564361433619385	2.88987764639394e-05	0.0002752989787227951
7.556732223903177	2.884112286551598e-05	0.0002750163707285256
7.549118387909321	2.878364101904867e-05	0.0002747343033155205
7.541519879214897	2.872633024542535e-05	0.0002744527749202487
7.533936651583711	2.866918986887513e-05	0.0002741717839851208
7.526368658965345	2.861221921694864e-05	0.0002738913289584668
7.51881585549423	2.855541762049853e-05	0.0002736114082945055
7.511278195488723	2.849878441366011e-05	0.0002733320204533172
7.503755633450177	2.844231893383215e-05	0.0002730531639008168
7.496248124062032	2.838602052165778e-05	0.0002727748371087278
7.488755622188907	2.832988852100541e-05	0.0002724970385545522
7.481278082875686	2.827392227895e-05	0.0002722197667215473
7.473815461346635	2.821812114575433e-05	0.0002719430200986949
7.466367713004486	2.816248447485029e-05	0.0002716667971806785
7.458934793429567	2.810701162282061e-05	0.0002713910964678534
7.451516658378916	2.805170194938033e-05	0.0002711159164662224
7.444113263785395	2.799655481735871e-05	0.0002708412556874103
7.436724565756824	2.794156959268111e-05	0.0002705671126486347
7.429350520575112	2.788674564435092e-05	0.0002702934858726834
7.421991084695394	2.783208234443188e-05	0.0002700203738878871
7.414646214745175	2.777757906803021e-05	0.000269747775228094
7.407315867523479	2.772323519327707e-05	0.0002694756884326431
7.400000000000001	2.766905010131108e-05	0.0002692041120463409
7.392698569314256	2.761502317626083e-05	0.0002689330446194361
7.385411532774765	2.756115380522779e-05	0.0002686624847075922
7.378138847858198	2.750744137826903e-05	0.0002683924308718646
7.370880472208558	2.745388528838028e-05	0.0002681228816786744
7.363636363636363	2.740048493147896e-05	0.0002678538356997864
7.35640648011782	2.73472397063874e-05	0.0002675852915122818
7.349190779794017	2.729414901481616e-05	0.0002673172476985325
7.341989220970112	2.724121226134744e-05	0.0002670497028461828
7.334801762114537	2.718842885341863e-05	0.0002667826555481194
7.32762836185819	2.713579820130592e-05	0.0002665161044024487
7.32046897899365	2.708331971810809e-05	0.0002662500480124752
7.313323572474378	2.703099281973034e-05	0.0002659844849866756
7.306192101413945	2.697881692486829e-05	0.0002657194139386751
7.299074525085242	2.6926791454992e-05	0.0002654548334872266
7.291970802919709	2.687491583433022e-05	0.000265190742256183
7.284880894506563	2.682318948985458e-05	0.0002649271388744774
7.277804759592035	2.677161185126412e-05	0.0002646640219760981
7.270742358078603	2.67201823509696e-05	0.0002644013902000683
7.263693650024238	2.666890042407825e-05	0.0002641392421904181
7.256658595641648	2.661776550837837e-05	0.0002638775765961678
7.249637155297534	2.656677704432416e-05	0.0002636163920713009
7.242629289511841	2.651593447502069e-05	0.000263355687274744
7.235634958957026	2.646523724620868e-05	0.0002630954608703419
7.22865412445731	2.641468480624986e-05	0.000262835711526839
7.221686746987952	2.636427660611195e-05	0.0002625764379178538
7.214732787674531	2.631401209935409e-05	0.0002623176387218583
7.207792207792208	2.626389074211217e-05	0.0002620593126221552
7.200864968765016	2.621391199308427e-05	0.0002618014583068587
7.193951032165147	2.616407531351633e-05	0.0002615440744688701
7.187050359712231	2.611438016718772e-05	0.0002612871598058562
7.18016291327264	2.606482602039708e-05	0.0002610307130202298
7.173288654858784	2.601541234194818e-05	0.0002607747328191279
7.166427546628408	2.59661386031358e-05	0.0002605192179143875
7.159579550883898	2.591700427773181e-05	0.0002602641670225294
7.152744630071599	2.586800884197134e-05	0.000260009578864734
7.145922746781116	2.581915177453892e-05	0.0002597554521668206
7.13911386374464	2.57704325565549e-05	0.0002595017856592273
7.132317943836268	2.572185067156171e-05	0.0002592485780769899
7.125534950071327	2.567340560551051e-05	0.0002589958281597232
7.118764845605701	2.562509684674763e-05	0.0002587435346515967
7.112007593735169	2.55769238860013e-05	0.000258491696301318
7.105263157894736	2.552888621636838e-05	0.000258240311862111
7.098531501657982	2.548098333330121e-05	0.0002579893800916961
7.091812588736394	2.543321473459452e-05	0.0002577388997522685
7.085106382978723	2.538557992037245e-05	0.0002574888696104811
7.078412848370336	2.533807839307562e-05	0.0002572392884374243
7.071731949032563	2.529070965744826e-05	0.000256990155008603
7.065063649222066	2.524347322052556e-05	0.0002567414681039208
7.058407913330194	2.519636859162097e-05	0.0002564932265076584
7.051764705882354	2.514939528231355e-05	0.000256245429008456
7.045133991537378	2.510255280643555e-05	0.0002559980743992916
7.038515735086895	2.505584068005995e-05	0.0002557511614774639
7.031909901454718	2.500925842148814e-05	0.0002555046890445711
7.025316455696204	2.496280555123766e-05	0.0002552586559064964
7.018735362997658	2.49164815920299e-05	0.0002550130608733818
7.012166588675714	2.487028606877824e-05	0.0002547679027596161
7.005610098176719	2.482421850857578e-05	0.0002545231803838126
6.999065857076133	2.477827844068345e-05	0.000254278892568791
6.992533831077929	2.473246539651827e-05	0.0002540350381415614
6.986013986013987	2.468677890964132e-05	0.0002537916159333013
6.979506287843502	2.46412185157462e-05	0.0002535486247793407
6.973010702652397	2.459578375264735e-05	0.0002533060635191437
6.96652719665272	2.455047416026834e-05	0.0002530639309962891
6.960055736182071	2.450528928063051e-05	0.0002528222260584526
6.953596287703015	2.446022865784149e-05	0.0002525809475573899
6.947148817802503	2.441529183808383e-05	0.0002523400943489186
6.940713293191291	2.437047836960373e-05	0.0002520996652928979
6.934289680703378	2.432578780269979e-05	0.0002518596592532157
6.927877947295423	2.428121968971194e-05	0.0002516200750977668
6.921478060046189	2.42367735850103e-05	0.0002513809116984377
6.915089986155976	2.419244904498413e-05	0.0002511421679310888
6.908713692946058	2.414824562803103e-05	0.0002509038426755363
6.90234914785813	2.410416289454597e-05	0.0002506659348155345
6.895996318453751	2.406020040691056e-05	0.0002504284432387636
6.889655172413793	2.40163577294822e-05	0.0002501913668368041
6.883325677537897	2.397263442858356e-05	0.0002499547045051275
6.87700780174392	2.392903007249189e-05	0.0002497184551430765
6.870701513067401	2.388554423142856e-05	0.0002494826176538468
6.864406779661017	2.38421764775485e-05	0.0002492471909444724
6.858123569794051	2.379892638492988e-05	0.0002490121739258096
6.851851851851853	2.37557935295638e-05	0.0002487775655125175
6.845591594335314	2.37127774893439e-05	0.0002485433646230466
6.839342765860339	2.366987784405628e-05	0.0002483095701796152
6.833105335157319	2.362709417536929e-05	0.0002480761811082008
6.826879271070615	2.358442606682346e-05	0.0002478431963385176
6.820664542558035	2.354187310382154e-05	0.0002476106148040059
6.814461118690315	2.349943487361844e-05	0.0002473784354418114
6.808268968650613	2.345711096531144e-05	0.000247146657192773
6.802088061734	2.34149009698303e-05	0.0002469152790014036
6.795918367346939	2.337280447992752e-05	0.0002466842998158759
6.789759855006797	2.333082109016864e-05	0.0002464537185880084
6.783612494341331	2.328895039692254e-05	0.0002462235342732466
6.777476255088195	2.324719199835188e-05	0.0002459937458306498
6.771351107094442	2.320554549440361e-05	0.0002457643522228751
6.765237020316026	2.316401048679945e-05	0.0002455353524161607
6.759133964817321	2.312258657902649e-05	0.0002453067453803134
6.753041910770617	2.308127337632781e-05	0.0002450785300886907
6.74696082845565	2.304007048569325e-05	0.000244850705518186
6.74089068825911	2.299897751585014e-05	0.0002446232706492167
6.734831460674157	2.295799407725404e-05	0.0002443962244657026
6.728783116299955	2.291711978207977e-05	0.0002441695659550598
6.722745625841184	2.287635424421219e-05	0.0002439432941081776
6.716718960107576	2.283569707923727e-05	0.0002437174079194088
6.710703090013435	2.27951479044331e-05	0.000243491906386555
6.704697986577181	2.275470633876098e-05	0.0002432667885108474
6.698703620920877	2.271437200285663e-05	0.0002430420532969359
6.692719964269763	2.26741445190213e-05	0.0002428176997528776
6.686746987951808	2.263402351121307e-05	0.0002425937268901148
6.680784663397236	2.259400860503822e-05	0.0002423701337234674
6.674832962138085	2.255409942774248e-05	0.0002421469192711145
6.668891855807745	2.251429560820256e-05	0.000241924082554583
6.662961316140508	2.247459677691748e-05	0.0002417016225987312
6.657041314971124	2.243500256600026e-05	0.0002414795384317374
6.651131824234356	2.239551260916938e-05	0.0002412578290850824
6.645232815964524	2.235612654174044e-05	0.0002410364935935389
6.639344262295083	2.231684400061776e-05	0.0002408155309951551
6.633466135458169	2.227766462428627e-05	0.0002405949403312447
6.627598407784165	2.223858805280309e-05	0.0002403747206463668
6.621741051701282	2.219961392778953e-05	0.0002401548709883206
6.6158940397351	2.216074189242284e-05	0.0002399353904081245
6.61005734450816	2.212197159142814e-05	0.0002397162779600057
6.604230938739533	2.208330267107049e-05	0.0002394975327013877
6.598414795244386	2.204473477914682e-05	0.0002392791536928753
6.592608886933567	2.200626756497801e-05	0.0002390611399982423
6.586813186813187	2.196790067940105e-05	0.000238843490684417
6.58102766798419	2.192963377476117e-05	0.0002386262048214713
6.575252303641949	2.1891466504904e-05	0.000238409281482604
6.569487067075843	2.185339852516795e-05	0.0002381927197441318
6.563731931668856	2.181542949237641e-05	0.0002379765186854746
6.557986870897156	2.177755906483015e-05	0.0002377606773891416
6.552251858329689	2.173978690229967e-05	0.0002375451949407192
6.546526867627785	2.170211266601771e-05	0.0002373300704288602
6.54081187254474	2.166453601867165e-05	0.0002371153029452674
6.535106846925425	2.162705662439614e-05	0.0002369008915846832
6.529411764705882	2.158967414876558e-05	0.0002366868354448776
6.52372659991293	2.155238825878682e-05	0.0002364731336266332
6.518051326663767	2.151519862289172e-05	0.0002362597852337366
6.51238591916558	2.147810491093003e-05	0.0002360467893729614
6.506730351715155	2.144110679416196e-05	0.0002358341451540604
6.501084598698482	2.140420394525103e-05	0.0002356218516897479
6.495448634590377	2.136739603825701e-05	0.0002354099080956939
6.489822433954093	2.133068274862863e-05	0.0002351983134905071
6.484205971440935	2.129406375319666e-05	0.0002349870669957259
6.478599221789884	2.125753873016672e-05	0.0002347761677358017
6.473002159827215	2.122110735911244e-05	0.000234565614838093
6.467414760466121	2.118476932096841e-05	0.0002343554074328499
6.46183699870634	2.114852429802326e-05	0.0002341455446532023
6.456268849633779	2.111237197391286e-05	0.0002339360256351489
6.450710288420147	2.107631203361341e-05	0.0002337268495175454
6.445161290322582	2.104034416343472e-05	0.0002335180154420929
6.439621830683285	2.10044680510134e-05	0.0002333095225533259
6.434091884929154	2.096868338530615e-05	0.0002331013699986009
6.428571428571429	2.093298985658322e-05	0.0002328935569280837
6.423060437205317	2.089738715642155e-05	0.0002326860824947416
6.417558886509636	2.086187497769832e-05	0.0002324789458543259
6.41206675224647	2.082645301458444e-05	0.0002322721461653669
6.406584010260795	2.07911209625379e-05	0.0002320656825891598
6.401110636480137	2.075587851829737e-05	0.0002318595542897504
6.395646606914213	2.072072537987577e-05	0.0002316537604339307
6.390191897654584	2.068566124655381e-05	0.0002314483001912222
6.384746484874307	2.065068581887369e-05	0.0002312431727338668
6.379310344827586	2.061579879863272e-05	0.0002310383772368147
6.373883453849427	2.058099988887709e-05	0.0002308339128777164
6.368465788355291	2.054628879389548e-05	0.000230629778836908
6.363057324840764	2.051166521921305e-05	0.0002304259742974015
6.357658039881205	2.047712887158508e-05	0.0002302224984448774
6.352267910131411	2.044267945899091e-05	0.0002300193504676674
6.346886912325286	2.040831669062779e-05	0.0002298165295567492
6.341515023275497	2.037404027690485e-05	0.0002296140349057354
6.33615221987315	2.033984992943702e-05	0.0002294118657108577
6.330798479087452	2.030574536103903e-05	0.0002292100211709639
6.325453777965387	2.027172628571947e-05	0.0002290085004875003
6.320118093631379	2.023779241867483e-05	0.0002288073028645073
6.314791403286979	2.020394347628357e-05	0.0002286064275086037
6.309473684210527	2.017017917610036e-05	0.0002284058736289807
6.304164913756837	2.01364992368501e-05	0.0002282056404373891
6.298865069356873	2.010290337842221e-05	0.0002280057271481289
6.293574128517431	2.006939132186489e-05	0.0002278061329780412
6.288292068820815	2.003596278937931e-05	0.0002276068571464957
6.28301886792453	2.000261750431393e-05	0.000227407898875381
6.277754503560956	1.996935519115891e-05	0.0002272092573890962
6.272498953537045	1.993617557554032e-05	0.0002270109319145396
6.267252195734003	1.990307838421475e-05	0.0002268129216810975
6.262014208106979	1.987006334506349e-05	0.0002266152259206379
6.25678496868476	1.983713018708724e-05	0.0002264178438674973
6.251564455569462	1.98042786404004e-05	0.0002262207747584698
6.246352646936225	1.977150843622575e-05	0.0002260240178328034
6.241149521032904	1.973881930688889e-05	0.0002258275723321843
6.235955056179776	1.97062109858129e-05	0.0002256314375007284
6.230769230769232	1.967368320751293e-05	0.0002254356125849728
6.225592023265475	1.964123570759084e-05	0.0002252400968338672
6.220423412204235	1.96088682227299e-05	0.0002250448894987614
6.215263376192452	1.95765804906895e-05	0.0002248499898333981
6.210111893907998	1.954437225029989e-05	0.0002246553970939022
6.204968944099379	1.951224324145691e-05	0.0002244611105387731
6.199834505585437	1.948019320511686e-05	0.0002242671294288725
6.194708557255065	1.944822188329123e-05	0.0002240734530274185
6.189591078066915	1.941632901904172e-05	0.0002238800805999721
6.184482047049112	1.938451435647492e-05	0.0002236870114144322
6.179381443298969	1.93527776407374e-05	0.0002234942447410237
6.174289245982695	1.932111861801055e-05	0.0002233017798522901
6.169205434335118	1.928953703550561e-05	0.0002231096160230808
6.1641299876594	1.925803264145866e-05	0.0002229177525305486
6.159062885326757	1.922660518512564e-05	0.0002227261886541331
6.154004106776181	1.919525441677739e-05	0.000222534923675557
6.148953631514157	1.916398008769478e-05	0.0002223439568788162
6.143911439114391	1.913278195016381e-05	0.0002221532875501678
6.138877509217535	1.910165975747073e-05	0.000221962914978126
6.133851821530905	1.907061326389719e-05	0.0002217728384534506
6.128834355828222	1.903964222471554e-05	0.0002215830572691365
6.123825091949326	1.900874639618392e-05	0.0002213935707204082
6.118824009799919	1.897792553554162e-05	0.0002212043781047115
6.113831089351286	1.894717940100423e-05	0.0002210154787216984
6.108846310640033	1.891650775175912e-05	0.00022082687187323
6.103869653767821	1.888591034796057e-05	0.000220638556863355
6.098901098901099	1.885538695072532e-05	0.0002204505329983112
6.093940626270843	1.882493732212775e-05	0.0002202627995865106
6.088988216172289	1.879456122519547e-05	0.0002200753559385348
6.084043848964678	1.876425842390462e-05	0.0002198882013671253
6.079107505070994	1.873402868317546e-05	0.0002197013351871745
6.074179164977706	1.870387176886767e-05	0.0002195147567157196
6.069258809234508	1.867378744777603e-05	0.0002193284652719302
6.064346418454067	1.864377548762587e-05	0.0002191424601771026
6.059441973311767	1.861383565706864e-05	0.0002189567407546527
6.054545454545454	1.858396772567749e-05	0.000218771306330106
6.049656842955189	1.85541714639429e-05	0.0002185861562310897
6.044776119402985	1.852444664326828e-05	0.0002184012897873245
6.039903264812575	1.849479303596565e-05	0.0002182167063306182
6.03503826016915	1.846521041525129e-05	0.0002180324051948554
6.030181086519115	1.843569855524151e-05	0.0002178483857159888
6.025331724969844	1.840625723094828e-05	0.0002176646472320361
6.020490156689434	1.837688621827505e-05	0.0002174811890830662
6.015656362906463	1.834758529401251e-05	0.0002172980106111942
6.010830324909747	1.83183542358344e-05	0.0002171151111605739
6.006012024048096	1.828919282229329e-05	0.00021693249007739
6.001201441730077	1.826010083281647e-05	0.0002167501467098475
5.99639855942377	1.823107804770176e-05	0.000216568080408167
5.991603358656538	1.820212424811349e-05	0.0002163862905245765
5.986815821014783	1.81732392160783e-05	0.0002162047764133022
5.982035928143713	1.814442273448119e-05	0.0002160235374305638
5.977263661747109	1.811567458706135e-05	0.0002158425729345636
5.972499003587087	1.808699455840829e-05	0.000215661882285479
5.967741935483872	1.805838243395769e-05	0.000215481464845458
5.96299243931556	1.802983799998751e-05	0.0002153013199786101
5.958250497017893	1.800136104361406e-05	0.0002151214470509979
5.95351609058403	1.797295135278793e-05	0.0002149418454306294
5.948789202064312	1.794460871629026e-05	0.0002147625144874537
5.944069813566045	1.791633292372871e-05	0.0002145834535933506
5.93935790725327	1.788812376553365e-05	0.0002144046621221233
5.934653465346535	1.785998103295432e-05	0.0002142261394494937
5.929956470122676	1.783190451805493e-05	0.0002140478849530919
5.925266903914591	1.780389401371097e-05	0.0002138698980124502
5.920584749111024	1.777594931360531e-05	0.0002136921780089986
5.915909988156336	1.77480702122245e-05	0.0002135147243260511
5.911242603550296	1.772025650485501e-05	0.0002133375363488067
5.906582577847852	1.769250798757952e-05	0.0002131606134643356
5.90192989365892	1.766482445727314e-05	0.0002129839550615752
5.89728453364817	1.763720571159986e-05	0.0002128075605313233
5.892646480534802	1.760965154900874e-05	0.0002126314292662293
5.888015717092338	1.758216176873038e-05	0.0002124555606607896
5.88339222614841	1.755473617077321e-05	0.0002122799541113368
5.878775990584543	1.752737455591998e-05	0.0002121046090160388
5.874166993335947	1.750007672572403e-05	0.0002119295247748856
5.869565217391305	1.747284248250589e-05	0.0002117547007896851
5.864970645792564	1.74456716293496e-05	0.0002115801364640582
5.860383261634729	1.741856397009925e-05	0.0002114058312034292
5.855803048065651	1.739151930935546e-05	0.0002112317844150206
5.851229988285827	1.736453745247186e-05	0.000211057995507844
5.846664065548186	1.733761820555163e-05	0.0002108844638926974
5.842105263157895	1.731076137544412e-05	0.0002107111889821546
5.837553564472147	1.728396676974126e-05	0.0002105381701905609
5.833008952899962	1.725723419677431e-05	0.0002103654069340259
5.828471411901984	1.723056346561034e-05	0.000210192898630416
5.823940924990284	1.72039543860489e-05	0.0002100206446993497
5.819417475728156	1.717740676861865e-05	0.0002098486445621898
5.814901047729919	1.715092042457406e-05	0.0002096768976420363
5.810391624660721	1.7124495165892e-05	0.0002095054033637211
5.805889190236342	1.709813080526846e-05	0.0002093341611538017
5.801393728222997	1.707182715611532e-05	0.0002091631704405532
5.796905222437139	1.704558403255701e-05	0.0002089924306539643
5.792423656745265	1.701940124942723e-05	0.0002088219412257282
5.787949015063731	1.699327862226583e-05	0.0002086517015892381
5.78348128135855	1.696721596731545e-05	0.000208481711179581
5.779020439645199	1.694121310151842e-05	0.0002083119694335319
5.77456647398844	1.691526984251349e-05	0.0002081424757895434
5.770119368502119	1.688938600863274e-05	0.0002079732296877446
5.76567910734898	1.686356141889836e-05	0.0002078042305699335
5.761245674740485	1.683779589301955e-05	0.0002076354778795687
5.756819054936612	1.681208925138939e-05	0.0002074669710617662
5.752399232245681	1.678644131508171e-05	0.0002072987095632894
5.747986191024165	1.676085190584807e-05	0.0002071306928325492
5.743579915676505	1.673532084611461e-05	0.0002069629203195914
5.739180390654921	1.670984795897906e-05	0.0002067953914760948
5.734787600459242	1.668443306820761e-05	0.0002066281057553639
5.730401529636711	1.665907599823204e-05	0.0002064610626123205
5.726022162781811	1.663377657414654e-05	0.0002062942615035044
5.721649484536083	1.660853462170487e-05	0.00020612770188706
5.717283479587944	1.658334996731723e-05	0.000205961383222734
5.712924132672513	1.655822243804747e-05	0.0002057953049718714
5.708571428571429	1.653315186161e-05	0.0002056294665974041
5.704225352112677	1.650813806636694e-05	0.00020546386756385
5.699885888170408	1.648318088132521e-05	0.0002052985073373077
5.695553021664766	1.645828013613356e-05	0.0002051333853854439
5.691226737561717	1.643343566107977e-05	0.0002049685011774962
5.686907020872866	1.640864728708775e-05	0.0002048038541842617
5.68259385665529	1.638391484571464e-05	0.0002046394438780946
5.678287230011369	1.63592381691481e-05	0.0002044752697328976
5.673987126088603	1.633461709020331e-05	0.0002043113312241169
5.669693530079456	1.631005144232029e-05	0.0002041476278287401
5.665406427221173	1.628554105956109e-05	0.0002039841590252845
5.661125802795618	1.626108577660695e-05	0.0002038209242937991
5.656851642129106	1.623668542875561e-05	0.0002036579231158511
5.65258393059223	1.62123398519185e-05	0.0002034951549745252
5.648322653599699	1.618804888261802e-05	0.0002033326193544186
5.64406779661017	1.616381235798485e-05	0.0002031703157416319
5.639819345126083	1.613963011575519e-05	0.0002030082436237655
5.635577284693494	1.611550199426812e-05	0.000202846402489916
5.631341600901917	1.609142783246283e-05	0.0002026847918306686
5.627112279384154	1.606740746987611e-05	0.0002025234111380901
5.622889305816135	1.604344074663952e-05	0.0002023622599057289
5.61867266591676	1.601952750347687e-05	0.0002022013376286054
5.614462345447733	1.599566758170155e-05	0.0002020406438032057
5.610258330213403	1.597186082321392e-05	0.0002018801779274804
5.606060606060606	1.594810707049872e-05	0.0002017199395008363
5.601869158878504	1.59244061666225e-05	0.0002015599280241336
5.59768397459843	1.5900757955231e-05	0.0002014001429996761
5.59350503919373	1.587716228054663e-05	0.0002012405839312119
5.589332338679598	1.585361898736595e-05	0.0002010812503239243
5.585165859112934	1.583012792105707e-05	0.0002009221416844282
5.581005586592179	1.580668892755716e-05	0.0002007632575207629
5.576851507257165	1.578330185337e-05	0.0002006045973423912
5.572703607288955	1.575996654556336e-05	0.0002004461606601882
5.568561872909699	1.573668285176666e-05	0.0002002879469864424
5.564426290382474	1.571345062016841e-05	0.0002001299558348463
5.560296846011132	1.569026969951378e-05	0.0001999721867204946
5.556173526140157	1.566713993910217e-05	0.0001998146391598762
5.552056317154502	1.564406118878476e-05	0.0001996573126708734
5.547945205479452	1.562103329896209e-05	0.0001995002067727477
5.543840177580467	1.55980561205817e-05	0.0001993433209861482
5.539741219963032	1.557512950513568e-05	0.000199186654833096
5.535648319172516	1.555225330465828e-05	0.0001990302078369853
5.531561461794021	1.552942737172364e-05	0.0001988739795225732
5.527480634452233	1.550665155944331e-05	0.00019871796941598
5.523405823811279	1.548392572146396e-05	0.0001985621770446827
5.519337016574586	1.546124971196508e-05	0.0001984066019375083
5.515274199484727	1.543862338565662e-05	0.0001982512436246324
5.511217359323281	1.541604659777664e-05	0.0001980961016375707
5.507166482910695	1.539351920408912e-05	0.0001979411755091749
5.503121557106133	1.537104106088156e-05	0.0001977864647736324
5.499082568807339	1.534861202496279e-05	0.0001976319689664566
5.495049504950495	1.532623195366066e-05	0.0001974776876244834
5.491022352510077	1.530390070481981e-05	0.0001973236202858664
5.487001098498718	1.52816181367994e-05	0.0001971697664900757
5.482985729967068	1.525938410847092e-05	0.0001970161257778877
5.478976234003656	1.523719847921597e-05	0.000196862697691383
5.474972597734745	1.521506110892399e-05	0.0001967094817739434
5.470974808324206	1.519297185799018e-05	0.0001965564775702447
5.466982852973367	1.517093058731318e-05	0.0001964036846262555
5.462996718920889	1.514893715829302e-05	0.0001962511024892276
5.459016393442623	1.512699143282884e-05	0.0001960987307076961
5.455041863851474	1.510509327331689e-05	0.0001959465688314717
5.451073117497272	1.508324254264819e-05	0.0001957946164116389
5.44711014176663	1.506143910420661e-05	0.000195642873000551
5.44315292408282	1.503968282186659e-05	0.0001954913381518226
5.439201451905626	1.501797355999111e-05	0.0001953400114203292
5.435255712731229	1.499631118342955e-05	0.0001951888923622009
5.431315694092063	1.497469555751567e-05	0.0001950379805348179
5.427381383556683	1.495312654806543e-05	0.000194887275496805
5.423452768729642	1.493160402137503e-05	0.0001947367768080324
5.419529837251357	1.491012784421878e-05	0.0001945864840296041
5.415612576797976	1.488869788384708e-05	0.0001944363967238572
5.411700975081257	1.486731400798436e-05	0.0001942865144543598
5.407795019848431	1.484597608482711e-05	0.0001941368367859029
5.403894698882078	1.482468398304181e-05	0.0001939873632844976
5.400000000000001	1.480343757176294e-05	0.0001938380935173716
5.396110911055096	1.478223672059097e-05	0.0001936890270529637
5.39222741993523	1.476108129959044e-05	0.0001935401634609204
5.388349514563108	1.473997117928786e-05	0.0001933915023120903
5.384477182896156	1.471890623066989e-05	0.0001932430431785236
5.380610412926391	1.469788632518126e-05	0.0001930947856334628
5.3767491926803	1.467691133472289e-05	0.0001929467292513427
5.372893510218717	1.465598113164994e-05	0.0001927988736077843
5.369043353636689	1.463509558876985e-05	0.0001926512182795896
5.365198711063372	1.461425457934048e-05	0.0001925037628447423
5.361359570661896	1.459345797706816e-05	0.0001923565068823981
5.357525920629246	1.45727056561058e-05	0.0001922094499728829
5.353697749196141	1.455199749105097e-05	0.0001920625916976904
5.349875044626919	1.453133335694411e-05	0.000191915931639474
5.346057795219408	1.451071312926654e-05	0.0001917694693820481
5.342245989304812	1.449013668393869e-05	0.0001916232045103798
5.338439615247595	1.446960389731819e-05	0.000191477136610587
5.334638661445354	1.444911464619806e-05	0.0001913312652699332
5.330843116328709	1.442866880780485e-05	0.0001911855900768249
5.327052968361181	1.440826625979686e-05	0.000191040110620806
5.323268206039077	1.438790688026223e-05	0.0001908948264925553
5.319488817891374	1.436759054771725e-05	0.0001907497372838838
5.315714792479603	1.434731714110446e-05	0.0001906048425877261
5.311946118397731	1.432708653979092e-05	0.0001904601419981431
5.308182784272051	1.430689862356641e-05	0.0001903156351103119
5.304424778761063	1.428675327264166e-05	0.0001901713215205255
5.30067209055536	1.426665036764656e-05	0.0001900272008261906
5.296924708377519	1.424658978962844e-05	0.0001898832726258155
5.293182620981986	1.42265714200503e-05	0.0001897395365190198
5.289445817154959	1.420659514078911e-05	0.0001895959921065183
5.285714285714286	1.418666083413398e-05	0.0001894526389901223
5.281988015509341	1.41667683827846e-05	0.0001893094767727376
5.278266995420924	1.414691766984936e-05	0.0001891665050583574
5.274551214361142	1.412710857884375e-05	0.0001890237234520588
5.270840661273304	1.410734099368862e-05	0.0001888811315600031
5.267135325131809	1.40876147987085e-05	0.0001887387289894272
5.263435194942045	1.406792987862995e-05	0.0001885965153486425
5.25974025974026	1.404828611857983e-05	0.0001884544902470311
5.256050508593475	1.402868340408366e-05	0.0001883126532950406
5.25236593059937	1.400912162106402e-05	0.0001881710041041834
5.248686514886164	1.398960065583877e-05	0.0001880295422870302
5.24501225061253	1.397012039511958e-05	0.0001878882674572085
5.241343126967473	1.395068072601014e-05	0.0001877471792293971
5.23767913317022	1.393128153600461e-05	0.0001876062772193251
5.234020258470136	1.391192271298605e-05	0.0001874655610437649
5.230366492146596	1.38926041452247e-05	0.0001873250303205309
5.226717823508895	1.387332572137648e-05	0.0001871846846684785
5.223074241896131	1.385408733048133e-05	0.0001870445237074938
5.219435736677116	1.383488886196164e-05	0.0001869045470584955
5.215802297250261	1.38157302056207e-05	0.0001867647543434301
5.212173913043479	1.37966112516411e-05	0.0001866251451852707
5.208550573514078	1.377753189058319e-05	0.0001864857192080057
5.204932268148664	1.375849201338349e-05	0.000186346476036647
5.201318986463034	1.373949151135318e-05	0.0001862074152972145
5.197710718002082	1.372053027617652e-05	0.0001860685366167448
5.194107452339688	1.370160819990938e-05	0.0001859298396232771
5.190509179078629	1.368272517497763e-05	0.0001857913239458543
5.186915887850468	1.366388109417569e-05	0.0001856529892145215
5.183327568315462	1.364507585066498e-05	0.0001855148350603221
5.179744210162461	1.362630933797245e-05	0.0001853768611152902
5.176165803108809	1.360758144998902e-05	0.0001852390670124501
5.172592336900243	1.358889208096819e-05	0.0001851014523858174
5.169023801310797	1.357024112552444e-05	0.000184964016870385
5.16546018614271	1.355162847863186e-05	0.0001848267601021314
5.161901481226318	1.353305403562262e-05	0.000184689681718011
5.158347676419966	1.351451769218551e-05	0.0001845527813559516
5.154798761609908	1.349601934436452e-05	0.00018441605865485
5.151254726710211	1.347755888855734e-05	0.0001842795132545736
5.147715561662658	1.345913622151399e-05	0.0001841431447959523
5.144181256436664	1.344075124033533e-05	0.0001840069529207769
5.14065180102916	1.342240384247162e-05	0.0001838709372717969
5.137127185464518	1.340409392572116e-05	0.0001837350974927149
5.133607399794451	1.338582138822886e-05	0.0001835994332281876
5.130092434097912	1.336758612848476e-05	0.0001834639441238157
5.126582278481012	1.334938804532275e-05	0.0001833286298261477
5.123076923076924	1.333122703791906e-05	0.000183193489982676
5.119576358045781	1.331310300579093e-05	0.0001830585242418279
5.116080573574599	1.329501584879527e-05	0.0001829237322529693
5.112589559877176	1.32769654671272e-05	0.0001827891136663966
5.109103307193999	1.325895176131874e-05	0.0001826546681333396
5.105621805792164	1.32409746322374e-05	0.000182520395305949
5.102145045965271	1.322303398108491e-05	0.000182386294837303
5.098673018033344	1.320512970939575e-05	0.0001822523663813987
5.09520571234274	1.318726171903594e-05	0.0001821186095931529
5.091743119266055	1.316942991220158e-05	0.0001819850241283921
5.088285229202038	1.315163419141764e-05	0.0001818516096438574
5.084832032575501	1.313387445953652e-05	0.0001817183657971989
5.081383519837233	1.311615061973682e-05	0.0001815852922469703
5.077939681463911	1.3098462575522e-05	0.0001814523886526277
5.074500507958009	1.308081023071904e-05	0.0001813196546745264
5.071065989847717	1.306319348947721e-05	0.0001811870899739193
5.067636117686845	1.304561225626673e-05	0.0001810546942129528
5.064210882054748	1.302806643587747e-05	0.0001809224670546619
5.060790273556232	1.301055593341774e-05	0.0001807904081629718
5.057374282821465	1.299308065431292e-05	0.00018065851720269
5.053962900505903	1.297564050430427e-05	0.0001805267938395095
5.050556117290193	1.295823538944763e-05	0.0001803952377399972
5.047153923880095	1.294086521611216e-05	0.0001802638485715991
5.043756311006395	1.29235298909791e-05	0.0001801326260026344
5.040363269424824	1.290622932104056e-05	0.000180001569702292
5.036974789915967	1.288896341359818e-05	0.0001798706793406289
5.033590863285186	1.2871732076262e-05	0.0001797399545885669
5.030211480362539	1.285453521694919e-05	0.0001796093951178874
5.026836632002685	1.283737274388282e-05	0.0001794790006012341
5.023466309084814	1.282024456559064e-05	0.000179348770712105
5.020100502512564	1.280315059090393e-05	0.0001792187051248517
5.016739203213926	1.278609072895616e-05	0.0001790888035146766
5.013382402141184	1.276906488918197e-05	0.0001789590655576321
5.010030090270813	1.275207298131583e-05	0.0001788294909306121
5.006682258603409	1.273511491539088e-05	0.0001787000793113559
5.003338898163606	1.271819060173785e-05	0.0001785708303784409
5	1.270129995098371e-05	0.0001784417438112822
