15	4.229565602730076e-05	-2.187428886860414e-05
14.97002997002997	4.23379143097724e-05	-2.188883078761962e-05
14.94017946161515	4.238017284342115e-05	-2.19032887451552e-05
14.91044776119403	4.242243149931904e-05	-2.191766273896274e-05
14.88083416087388	4.246469014786668e-05	-2.193195276702361e-05
14.85133795837463	4.250694865879703e-05	-2.194615882751876e-05
14.82195845697329	4.254920690117941e-05	-2.196028091887022e-05
14.79269496544916	4.259146474342324e-05	-2.19743190397391e-05
14.76354679802956	4.263372205328214e-05	-2.198827318901311e-05
14.73451327433628	4.26759786978578e-05	-2.200214336583371e-05
14.70559371933268	4.271823454360392e-05	-2.201592956961126e-05
14.6767874632713	4.276048945633031e-05	-2.202963179999256e-05
14.64809384164223	4.280274330120683e-05	-2.204325005689964e-05
14.61951219512195	4.284499594276745e-05	-2.205678434054487e-05
14.59104186952288	4.288724724491437e-05	-2.207023465138493e-05
14.56268221574344	4.292949707092204e-05	-2.208360099017119e-05
14.53443258971872	4.297174528344134e-05	-2.209688335797511e-05
14.50629235237173	4.301399174450365e-05	-2.211008175613087e-05
14.47826086956522	4.305623631552503e-05	-2.212319618628424e-05
14.450337512054	4.309847885731044e-05	-2.213622665038961e-05
14.42252165543792	4.314071923005789e-05	-2.214917315071258e-05
14.39481268011527	4.318295729336263e-05	-2.216203568984767e-05
14.36720997123681	4.322519290622151e-05	-2.2174814270709e-05
14.33971291866029	4.326742592703715e-05	-2.218750889654209e-05
14.31232091690544	4.330965621362217e-05	-2.220011957092063e-05
14.28503336510963	4.335188362320367e-05	-2.221264629777684e-05
14.25784966698382	4.339410801242739e-05	-2.222508908138192e-05
14.23076923076923	4.343632923736213e-05	-2.223744792635404e-05
14.20379146919431	4.347854715350412e-05	-2.224972283767716e-05
14.17691579943235	4.352076161578135e-05	-2.226191382070701e-05
14.15014164305949	4.356297247855803e-05	-2.227402088115205e-05
14.12346842601319	4.360517959563899e-05	-2.22860440251127e-05
14.09689557855127	4.364738282027414e-05	-2.229798325906008e-05
14.07042253521127	4.368958200516289e-05	-2.230983858983836e-05
14.04404873477039	4.373177700245869e-05	-2.23216100247046e-05
14.0177736202058	4.377396766377347e-05	-2.233329757131163e-05
13.99159663865546	4.381615384018219e-05	-2.23449012376934e-05
13.96551724137931	4.385833538222739e-05	-2.235642103229887e-05
13.93953488372093	4.390051213992373e-05	-2.23678569639979e-05
13.91364902506964	4.394268396276252e-05	-2.237920904205933e-05
13.88785912882298	4.398485069971639e-05	-2.239047727618138e-05
13.86216466234968	4.402701219924383e-05	-2.240166167649844e-05
13.83656509695291	4.406916830929386e-05	-2.241276225355185e-05
13.8110599078341	4.411131887731062e-05	-2.242377901833224e-05
13.78564857405704	4.41534637502381e-05	-2.243471198227473e-05
13.7603305785124	4.419560277452476e-05	-2.244556115724677e-05
13.73510540788267	4.423773579612821e-05	-2.245632655557227e-05
13.7099725526075	4.427986266051996e-05	-2.246700819003926e-05
13.68493150684932	4.432198321269018e-05	-2.247760607387063e-05
13.65998176845943	4.436409729715231e-05	-2.248812022075734e-05
13.6351228389445	4.440620475794792e-05	-2.249855064489382e-05
13.61035422343324	4.444830543865148e-05	-2.250889736089511e-05
13.5856754306437	4.449039918237508e-05	-2.25191603838814e-05
13.56108597285068	4.45324858317733e-05	-2.252933972944649e-05
13.53658536585366	4.457456522904798e-05	-2.253943541368491e-05
13.51217312894499	4.461663721595307e-05	-2.254944745314577e-05
13.48784878487849	4.465870163379947e-05	-2.255937586490521e-05
13.46361185983827	4.470075832345989e-05	-2.256922066651184e-05
13.43946188340807	4.474280712537371e-05	-2.25789818760436e-05
13.41539838854074	4.47848478795519e-05	-2.258865951205969e-05
13.39142091152815	4.482688042558186e-05	-2.259825359363779e-05
13.36752899197145	4.486890460263238e-05	-2.260776414038006e-05
13.34372217275156	4.49109202494586e-05	-2.261719117238881e-05
13.32	4.495292720440684e-05	-2.262653471029463e-05
13.2963620230701	4.499492530541964e-05	-2.263579477525814e-05
13.27280779450841	4.503691439004068e-05	-2.264497138896662e-05
13.24933687002653	4.507889429541979e-05	-2.265406457363826e-05
13.22594880847308	4.512086485831792e-05	-2.266307435202936e-05
13.20264317180616	4.516282591511214e-05	-2.267200074744304e-05
13.17941952506596	4.520477730180061e-05	-2.26808437837206e-05
13.15627743634767	4.524671885400769e-05	-2.268960348524533e-05
13.13321647677476	4.528865040698887e-05	-2.269827987697208e-05
13.11023622047244	4.533057179563591e-05	-2.270687298438257e-05
13.08733624454148	4.537248285448183e-05	-2.271538283353168e-05
13.06451612903226	4.541438341770597e-05	-2.272380945105662e-05
13.04177545691906	4.545627331913912e-05	-2.273215286411961e-05
13.01911381407472	4.549815239226857e-05	-2.274041310048363e-05
12.99653078924544	4.554002047024316e-05	-2.274859018846399e-05
12.97402597402597	4.558187738587845e-05	-2.275668415695456e-05
12.95159896283492	4.562372297166182e-05	-2.276469503543847e-05
12.92924935289042	4.566555705975754e-05	-2.277262285397466e-05
12.90697674418605	4.570737948201198e-05	-2.278046764320271e-05
12.8847807394669	4.574919006995867e-05	-2.278822943435264e-05
12.86266094420601	4.57909886548235e-05	-2.279590825924079e-05
12.84061696658098	4.583277506752984e-05	-2.280350415029399e-05
12.81864841745081	4.587454913870371e-05	-2.281101714051345e-05
12.79675491033305	4.591631069867896e-05	-2.281844726350841e-05
12.77493606138107	4.595805957750243e-05	-2.282579455349638e-05
12.7531914893617	4.599979560493915e-05	-2.28330590452936e-05
12.73152081563297	4.604151861047754e-05	-2.284024077432912e-05
12.70992366412214	4.608322842333452e-05	-2.284733977663963e-05
12.68839966130398	4.612492487246086e-05	-2.285435608887515e-05
12.66694843617921	4.616660778654628e-05	-2.286128974830113e-05
12.64556962025317	4.620827699402466e-05	-2.286814079280089e-05
12.62426284751474	4.624993232307932e-05	-2.287490926088513e-05
12.60302775441547	4.629157360164823e-05	-2.28815951916799e-05
12.58186397984887	4.633320065742919e-05	-2.288819862494917e-05
12.56077116512992	4.637481331788511e-05	-2.28947196010836e-05
12.53974895397489	4.64164114102493e-05	-2.290115816107379e-05
12.5187969924812	4.645799476153055e-05	-2.290751434659496e-05
12.49791492910759	4.649956319851859e-05	-2.291378819992291e-05
12.47710241465445	4.654111654778915e-05	-2.291997976398427e-05
12.45635910224439	4.658265463570934e-05	-2.292608908233071e-05
12.4356846473029	4.662417728844288e-05	-2.293211619918343e-05
12.41507870753935	4.666568433195533e-05	-2.293806115939067e-05
12.39454094292804	4.67071755920194e-05	-2.294392400843904e-05
12.37407101568951	4.674865089422012e-05	-2.294970479248462e-05
12.35366859027205	4.67901100639603e-05	-2.295540355832752e-05
12.33333333333333	4.683155292646557e-05	-2.296102035339295e-05
12.31306491372227	4.687297930678987e-05	-2.296655522580851e-05
12.29286300246103	4.691438902982054e-05	-2.297200822433582e-05
12.27272727272727	4.695578192028374e-05	-2.297737939836604e-05
12.25265739983647	4.699715780274964e-05	-2.298266879799414e-05
12.23265306122449	4.703851650163772e-05	-2.298787647397956e-05
12.21271393643032	4.707985784122212e-05	-2.299300247769309e-05
12.19283970707893	4.712118164563678e-05	-2.299804686121142e-05
12.17303005686434	4.716248773888087e-05	-2.300300967728221e-05
12.15328467153285	4.720377594482395e-05	-2.300789097929576e-05
12.1336032388664	4.724504608721132e-05	-2.301269082133797e-05
12.11398544866613	4.728629798966928e-05	-2.301740925813918e-05
12.09443099273608	4.732753147571044e-05	-2.30220463451252e-05
12.07493956486704	4.736874636873891e-05	-2.302660213838631e-05
12.0555108608206	4.740994249205571e-05	-2.303107669469131e-05
12.03614457831325	4.745111966886389e-05	-2.303547007148851e-05
12.0168404170008	4.749227772227395e-05	-2.303978232688946e-05
11.99759807846277	4.753341647530903e-05	-2.304401351970897e-05
11.97841726618705	4.75745357509102e-05	-2.304816370942675e-05
11.95929768555467	4.76156353719417e-05	-2.305223295619954e-05
11.9402390438247	4.765671516119626e-05	-2.305622132088807e-05
11.92124105011933	4.769777494140032e-05	-2.30601288650157e-05
11.90230341540905	4.773881453521929e-05	-2.306395565080432e-05
11.88342585249802	4.777983376526286e-05	-2.306770174115784e-05
11.8646080760095	4.782083245409016e-05	-2.307136719966797e-05
11.84584980237154	4.786181042421508e-05	-2.307495209061222e-05
11.82715074980268	4.790276749811145e-05	-2.307845647895699e-05
11.80851063829787	4.794370349821841e-05	-2.308188043036365e-05
11.78992918961448	4.798461824694548e-05	-2.308522401118005e-05
11.77140612725844	4.802551156667786e-05	-2.308848728844541e-05
11.75294117647059	4.806638327978174e-05	-2.309167032989433e-05
11.734534064213	4.810723320860932e-05	-2.309477320395428e-05
11.71618451915559	4.814806117550424e-05	-2.309779597973799e-05
11.69789227166276	4.818886700280671e-05	-2.310073872706461e-05
11.6796570537802	4.822965051285863e-05	-2.310360151643398e-05
11.66147859922179	4.827041152800886e-05	-2.310638441905941e-05
11.64335664335664	4.831114987061846e-05	-2.310908750683671e-05
11.62529092319628	4.835186536306577e-05	-2.311171085235374e-05
11.60728117738187	4.839255782775165e-05	-2.311425452890981e-05
11.58932714617169	4.843322708710467e-05	-2.311671861049294e-05
11.57142857142857	4.847387296358618e-05	-2.311910317178595e-05
11.55358519660756	4.851449527969557e-05	-2.312140828817517e-05
11.53579676674365	4.855509385797535e-05	-2.312363403574623e-05
11.51806302843966	4.859566852101631e-05	-2.312578049126972e-05
11.50038372985418	4.863621909146269e-05	-2.312784773223535e-05
11.48275862068965	4.867674539201719e-05	-2.312983583680674e-05
11.46518745218057	4.871724724544625e-05	-2.313174488386933e-05
11.44766997708174	4.8757724474585e-05	-2.313357495299388e-05
11.43020594965675	4.879817690234243e-05	-2.313532612445562e-05
11.41279512566641	4.883860435170649e-05	-2.313699847922294e-05
11.39543726235741	4.887900664574913e-05	-2.31385920989637e-05
11.37813211845103	4.891938360763136e-05	-2.314010706605563e-05
11.36087945413192	4.895973506060839e-05	-2.314154346355591e-05
11.34367903103709	4.900006082803456e-05	-2.314290137523316e-05
11.3265306122449	4.904036073336845e-05	-2.314418088555767e-05
11.30943396226415	4.908063460017791e-05	-2.314538207968448e-05
11.29238884702336	4.912088225214501e-05	-2.314650504347611e-05
11.27539503386004	4.916110351307115e-05	-2.31475498634893e-05
11.25845229151014	4.920129820688192e-05	-2.314851662697892e-05
11.24156039009752	4.924146615763223e-05	-2.314940542189115e-05
11.2247191011236	4.928160718951115e-05	-2.315021633687394e-05
11.20792819745699	4.932172112684694e-05	-2.315094946127578e-05
11.19118745332337	4.936180779411201e-05	-2.315160488513353e-05
11.1744966442953	4.940186701592773e-05	-2.315218269917361e-05
11.1578555472822	4.944189861706955e-05	-2.315268299482721e-05
11.14126394052045	4.948190242247172e-05	-2.315310586421968e-05
11.12472160356348	4.952187825723231e-05	-2.315345140016205e-05
11.10822831727205	4.956182594661803e-05	-2.315371969615741e-05
11.09178386380459	4.960174531606912e-05	-2.31539108464081e-05
11.07538802660754	4.964163619120419e-05	-2.31540249458066e-05
11.05904059040591	4.96814983978251e-05	-2.315406208993136e-05
11.04274134119381	4.972133176192173e-05	-2.315402237505023e-05
11.02649006622516	4.976113610967687e-05	-2.315390589811482e-05
11.01028655400441	4.98009112674709e-05	-2.3153712756781e-05
10.99413059427733	4.98406570618867e-05	-2.315344304938203e-05
10.97802197802198	4.988037331971434e-05	-2.315309687493429e-05
10.96196049743965	4.992005986795591e-05	-2.31526743331392e-05
10.94594594594595	4.995971653383015e-05	-2.315217552439065e-05
10.92997811816193	4.999934314477728e-05	-2.3151600549758e-05
10.91405680990532	5.003893952846362e-05	-2.315094951099086e-05
10.89818181818182	5.007850551278637e-05	-2.315022251052956e-05
10.88235294117647	5.011804092587822e-05	-2.314941965147865e-05
10.8665699782451	5.015754559611205e-05	-2.314854103764335e-05
10.85083272990587	5.019701935210552e-05	-2.314758677348882e-05
10.8351409978308	5.023646202272581e-05	-2.314655696416027e-05
10.81949458483754	5.027587343709411e-05	-2.314545171548195e-05
10.80389329488104	5.031525342459025e-05	-2.314427113394535e-05
10.78833693304536	5.035460181485735e-05	-2.314301532672254e-05
10.77282530553559	5.039391843780628e-05	-2.314168440164971e-05
10.75735821966978	5.043320312362027e-05	-2.314027846723159e-05
10.74193548387097	5.04724557027594e-05	-2.313879763265603e-05
10.72655690765927	5.05116760059651e-05	-2.313724200775772e-05
10.71122230164403	5.055086386426473e-05	-2.313561170304887e-05
10.69593147751606	5.059001910897591e-05	-2.313390682969867e-05
10.68068424803992	5.062914157171111e-05	-2.313212749954903e-05
10.66548042704626	5.066823108438196e-05	-2.313027382508547e-05
10.65031982942431	5.07072874792038e-05	-2.312834591947143e-05
10.63520227111426	5.074631058869996e-05	-2.312634389651881e-05
10.62012756909993	5.078530024570622e-05	-2.312426787069877e-05
10.60509554140127	5.082425628337511e-05	-2.312211795712885e-05
10.59010600706714	5.086317853518031e-05	-2.311989427158427e-05
10.57515878616796	5.090206683492092e-05	-2.311759693049473e-05
10.56025369978858	5.094092101672584e-05	-2.311522605093473e-05
10.54539057002111	5.09797409150579e-05	-2.311278175062921e-05
10.53056921995783	5.101852636471834e-05	-2.311026414794124e-05
10.51578947368421	5.105727720085085e-05	-2.310767336189022e-05
10.5010511562719	5.10959932589459e-05	-2.310500951212126e-05
10.48635409377187	5.113467437484494e-05	-2.310227271892897e-05
10.47169811320755	5.117332038474455e-05	-2.30994631032459e-05
10.45708304256804	5.121193112520059e-05	-2.309658078664232e-05
10.44250871080139	5.125050643313243e-05	-2.309362589131416e-05
10.42797494780793	5.128904614582693e-05	-2.30905985400943e-05
10.41348158443363	5.132755010094267e-05	-2.308749885645351e-05
10.39902845246357	5.136601813651397e-05	-2.308432696446592e-05
10.38461538461539	5.140445009095489e-05	-2.308108298886403e-05
10.37024221453287	5.14428458030634e-05	-2.307776705497527e-05
10.35590877677954	5.148120511202528e-05	-2.307437928876762e-05
10.3416149068323	5.151952785741814e-05	-2.307091981682149e-05
10.32736044107512	5.155781387921541e-05	-2.306738876633291e-05
10.31314521679284	5.159606301779028e-05	-2.306378626511373e-05
10.29896907216495	5.163427511391964e-05	-2.306011244158799e-05
10.28483184625944	5.167245000878793e-05	-2.305636742479092e-05
10.27073337902673	5.171058754399109e-05	-2.30525513443652e-05
10.25667351129363	5.174868756154036e-05	-2.304866433056431e-05
10.24265208475735	5.178674990386615e-05	-2.304470651423281e-05
10.22866894197952	5.182477441382187e-05	-2.304067802682566e-05
10.21472392638037	5.186276093468766e-05	-2.303657900039989e-05
10.20081688223281	5.190070931017422e-05	-2.30324095676e-05
10.1869476546567	5.193861938442652e-05	-2.302816986166463e-05
10.17311608961303	5.197649100202751e-05	-2.302386001642505e-05
10.15932203389831	5.201432400800186e-05	-2.301948016630827e-05
10.14556533513879	5.205211824781964e-05	-2.301503044632228e-05
10.13184584178499	5.208987356739986e-05	-2.30105109920596e-05
10.11816340310601	5.212758981311425e-05	-2.300592193967962e-05
10.10451786918409	5.216526683179078e-05	-2.300126342594846e-05
10.09090909090909	5.220290447071722e-05	-2.299653558818711e-05
10.0773369199731	5.224050257764476e-05	-2.299173856429299e-05
10.06380120886501	5.22780610007915e-05	-2.298687249274328e-05
10.05030181086519	5.231557958884597e-05	-2.298193751257156e-05
10.03683858004019	5.23530581909706e-05	-2.297693376338362e-05
10.02341137123746	5.239049665680519e-05	-2.297186138534988e-05
10.01002004008016	5.242789483647036e-05	-2.296672051919052e-05
9.996664442961976	5.246525258057089e-05	-2.296151130619663e-05
9.983344437041971	5.250256974019924e-05	-2.295623388820298e-05
9.970059880239521	5.253984616693874e-05	-2.295088840759211e-05
9.956810631229237	5.257708171286709e-05	-2.294547500731562e-05
9.943596549435966	5.26142762305595e-05	-2.293999383084905e-05
9.930417495029822	5.265142957309217e-05	-2.293444502222234e-05
9.917273328921244	5.268854159404535e-05	-2.292882872600698e-05
9.904163912756113	5.272561214750676e-05	-2.292314508730158e-05
9.89108910891089	5.276264108807463e-05	-2.291739425174515e-05
9.878048780487806	5.279962827086102e-05	-2.291157636551594e-05
9.865042791310071	5.283657355149493e-05	-2.290569157531145e-05
9.852071005917159	5.287347678612537e-05	-2.289974002834881e-05
9.839133289560079	5.291033783142459e-05	-2.289372187238687e-05
9.82622950819672	5.294715654459106e-05	-2.288763725567945e-05
9.813359528487229	5.298393278335257e-05	-2.288148632702216e-05
9.800523217789404	5.302066640596927e-05	-2.287526923570892e-05
9.787720444154148	5.305735727123665e-05	-2.286898613154686e-05
9.774951076320939	5.309400523848852e-05	-2.286263716485094e-05
9.762214983713356	5.313061016759999e-05	-2.285622248643717e-05
9.749512036434615	5.316717191899034e-05	-2.284974224762959e-05
9.736842105263159	5.3203690353626e-05	-2.28431966002464e-05
9.724205061648281	5.324016533302339e-05	-2.283658569660281e-05
9.711600777705767	5.327659671925172e-05	-2.282990968950196e-05
9.699029126213594	5.331298437493584e-05	-2.282316873223578e-05
9.686489980607629	5.334932816325914e-05	-2.281636297859433e-05
9.673983214977403	5.338562794796612e-05	-2.280949258282571e-05
9.661508704061896	5.342188359336533e-05	-2.280255769968519e-05
9.64906632324533	5.345809496433193e-05	-2.27955584843773e-05
9.636655948553054	5.349426192631049e-05	-2.278849509259619e-05
9.624277456647398	5.353038434531756e-05	-2.278136768050584e-05
9.611930724823605	5.356646208794441e-05	-2.277417640472084e-05
9.599615631005765	5.360249502135958e-05	-2.276692142234005e-05
9.587332053742802	5.363848301331144e-05	-2.275960289090239e-05
9.575079872204473	5.367442593213079e-05	-2.275222096840926e-05
9.562858966177409	5.371032364673337e-05	-2.274477581332819e-05
9.550669216061186	5.374617602662239e-05	-2.273726758455875e-05
9.538510502864419	5.378198294189096e-05	-2.272969644145206e-05
9.52638270820089	5.381774426322457e-05	-2.272206254380275e-05
9.514285714285716	5.385345986190352e-05	-2.271436605184626e-05
9.502219403931516	5.388912960980527e-05	-2.270660712626172e-05
9.490183660544648	5.392475337940686e-05	-2.269878592813405e-05
9.478178368121442	5.396033104378724e-05	-2.269090261901221e-05
9.466203411244472	5.399586247662956e-05	-2.268295736084763e-05
9.454258675078865	5.403134755222346e-05	-2.267495031602052e-05
9.442344045368619	5.406678614546735e-05	-2.266688164732829e-05
9.430459408432977	5.410217813187064e-05	-2.265875151799937e-05
9.418604651162791	5.413752338755598e-05	-2.265056009164267e-05
9.406779661016948	5.417282178926131e-05	-2.264230753230616e-05
9.394984326018809	5.420807321434217e-05	-2.263399400443059e-05
9.383218534752661	5.424327754077374e-05	-2.262561967285438e-05
9.371482176360226	5.427843464715294e-05	-2.261718470282557e-05
9.359775140537165	5.431354441270053e-05	-2.260868925996368e-05
9.348097317529632	5.434860671726313e-05	-2.260013351031414e-05
9.336448598130842	5.438362144131523e-05	-2.259151762028346e-05
9.32482887367766	5.441858846596121e-05	-2.258284175667083e-05
9.313238036047233	5.445350767293729e-05	-2.257410608664598e-05
9.301675977653632	5.448837894461342e-05	-2.256531077777787e-05
9.290142591444514	5.452320216399525e-05	-2.255645599799391e-05
9.278637770897832	5.4557977214726e-05	-2.254754191558489e-05
9.267161410018552	5.459270398108826e-05	-2.25385686992207e-05
9.25571340333539	5.462738234800586e-05	-2.252953651793067e-05
9.244293645897594	5.466201220104572e-05	-2.252044554109788e-05
9.232902033271719	5.469659342641945e-05	-2.251129593846971e-05
9.221538461538461	5.473112591098532e-05	-2.250208788013282e-05
9.210202827289489	5.476560954224981e-05	-2.249282153653463e-05
9.19889502762431	5.480004420836936e-05	-2.248349707846063e-05
9.187614960147149	5.483442979815201e-05	-2.247411467703056e-05
9.176362522963871	5.486876620105911e-05	-2.246467450372734e-05
9.165137614678899	5.490305330720679e-05	-2.245517673033847e-05
9.153940134392181	5.493729100736768e-05	-2.244562152899053e-05
9.142769981696157	5.49714791929724e-05	-2.243600907214635e-05
9.131627056672761	5.500561775611109e-05	-2.242633953257653e-05
9.120511259890444	5.503970658953489e-05	-2.241661308338018e-05
9.109422492401215	5.507374558665748e-05	-2.240682989797531e-05
9.098360655737705	5.510773464155648e-05	-2.239699015008258e-05
9.087325651910248	5.514167364897487e-05	-2.238709401372737e-05
9.076317383403998	5.517556250432234e-05	-2.237714166325597e-05
9.065335753176043	5.520940110367683e-05	-2.236713327330217e-05
9.054380664652568	5.524318934378559e-05	-2.235706901880231e-05
9.04345202172601	5.527692712206677e-05	-2.23469490749771e-05
9.032549728752262	5.531061433661051e-05	-2.233677361734852e-05
9.021673690547862	5.534425088618031e-05	-2.232654282172057e-05
9.010823812387253	5.53778366702142e-05	-2.231625686418045e-05
9	5.541137158882601e-05	-2.230591592108869e-05
8.989202159568087	5.544485554280645e-05	-2.229552016908066e-05
8.978430197723188	5.547828843362434e-05	-2.228506978507527e-05
8.967684021543986	5.551167016342776e-05	-2.22745649462378e-05
8.956963538553497	5.554500063504507e-05	-2.226400583002552e-05
8.94626865671642	5.557827975198602e-05	-2.225339261412598e-05
8.935599284436496	5.561150741844282e-05	-2.224272547650453e-05
8.9249553305539	5.564468353929109e-05	-2.223200459536271e-05
8.914336704342654	5.567780802009095e-05	-2.222123014916648e-05
8.903743315508022	5.571088076708793e-05	-2.221040231661481e-05
8.893175074183976	5.574390168721391e-05	-2.219952127665649e-05
8.882631890930647	5.577687068808802e-05	-2.218858720846933e-05
8.872113676731795	5.580978767801763e-05	-2.217760029147731e-05
8.861620342992312	5.584265256599907e-05	-2.216656070532969e-05
8.851151801535735	5.587546526171856e-05	-2.215546862987648e-05
8.840707964601769	5.590822567555305e-05	-2.214432424524154e-05
8.830288744843843	5.594093371857086e-05	-2.213312773172924e-05
8.819894055326662	5.59735893025326e-05	-2.212187926986222e-05
8.80952380952381	5.600619233989184e-05	-2.211057904039529e-05
8.799177921315325	5.60387427437958e-05	-2.209922722426844e-05
8.788856304985339	5.607124042808604e-05	-2.208782400264688e-05
8.778558875219684	5.610368530729916e-05	-2.207636955687978e-05
8.768285547103568	5.613607729666738e-05	-2.206486406851608e-05
8.75803623611923	5.616841631211917e-05	-2.205330771930008e-05
8.747810858143607	5.620070227027985e-05	-2.204170069117105e-05
8.737609329446064	5.623293508847211e-05	-2.203004316623936e-05
8.72743156668608	5.626511468471655e-05	-2.201833532680973e-05
8.717277486910994	5.629724097773221e-05	-2.200657735536323e-05
8.707147007553749	5.632931388693702e-05	-2.199476943455228e-05
8.697040046430644	5.636133333244827e-05	-2.198291174720599e-05
8.68695652173913	5.639329923508308e-05	-2.19710044763031e-05
8.676896352055588	5.642521151635869e-05	-2.195904780500785e-05
8.666859456333142	5.645707009849301e-05	-2.194704191663826e-05
8.65684575389948	5.64888749044048e-05	-2.193498699466358e-05
8.646855164454703	5.652062585771417e-05	-2.192288322269714e-05
8.636887608069166	5.655232288274273e-05	-2.191073078451804e-05
8.626943005181348	5.6583965904514e-05	-2.189852986403473e-05
8.617021276595745	5.661555484875362e-05	-2.188628064531238e-05
8.607122343480759	5.664708964188955e-05	-2.187398331254491e-05
8.59724612736661	5.667857021105235e-05	-2.18616380500581e-05
8.587392550143266	5.670999648407531e-05	-2.184924504230659e-05
8.577561534058388	5.674136838949465e-05	-2.183680447389155e-05
8.567753001715266	5.677268585654962e-05	-2.182431652950359e-05
8.557966876070816	5.680394881518265e-05	-2.181178139398096e-05
8.548203080433543	5.683515719603946e-05	-2.179919925226641e-05
8.538461538461538	5.686631093046906e-05	-2.178657028941261e-05
8.528742174160501	5.689740995052383e-05	-2.177389469058343e-05
8.519044911881752	5.692845418895956e-05	-2.176117264104743e-05
8.509369676320272	5.695944357923542e-05	-2.17484043261681e-05
8.499716392512763	5.699037805551399e-05	-2.173558993142156e-05
8.490084985835693	5.702125755266108e-05	-2.172272964236548e-05
8.480475382003396	5.705208200624582e-05	-2.170982364464369e-05
8.470887507066138	5.708285135254045e-05	-2.16968721240033e-05
8.461321287408246	5.711356552852024e-05	-2.168387526626512e-05
8.451776649746192	5.71442244718634e-05	-2.167083325731696e-05
8.44225352112676	5.717482812095078e-05	-2.165774628314283e-05
8.432751828925154	5.720537641486584e-05	-2.164461452979676e-05
8.423271500843171	5.723586929339437e-05	-2.163143818338191e-05
8.413812464907355	5.726630669702423e-05	-2.161821743009611e-05
8.40437464946719	5.729668856694515e-05	-2.16049524561678e-05
8.394957983193278	5.732701484504843e-05	-2.159164344790312e-05
8.385562395075546	5.735728547392665e-05	-2.157829059165853e-05
8.376187814421465	5.738750039687335e-05	-2.156489407383916e-05
8.36683417085427	5.74176595578827e-05	-2.155145408090481e-05
8.35750139431121	5.744776290164912e-05	-2.153797079935417e-05
8.348189415041782	5.747781037356685e-05	-2.152444441572031e-05
8.338898163606009	5.750780191972971e-05	-2.15108751165807e-05
8.329627570872708	5.753773748693045e-05	-2.149726308854337e-05
8.320377568017769	5.756761702266046e-05	-2.148360851824636e-05
8.311148086522463	5.759744047510924e-05	-2.146991159235845e-05
8.301939058171747	5.762720779316393e-05	-2.145617249757223e-05
8.292750415052573	5.765691892640881e-05	-2.144239142058664e-05
8.283582089552239	5.768657382512469e-05	-2.14285685481248e-05
8.274434014356709	5.771617244028844e-05	-2.14147040669395e-05
8.265306122448978	5.774571472357242e-05	-2.140079816375235e-05
8.256198347107437	5.777520062734383e-05	-2.138685102533852e-05
8.247110621904238	5.780463010466411e-05	-2.13728628384375e-05
8.238042880703684	5.783400310928833e-05	-2.135883378981015e-05
8.228995057660626	5.786331959566453e-05	-2.134476406620111e-05
8.219967087218869	5.789257951893303e-05	-2.133065385435014e-05
8.210958904109591	5.792178283492571e-05	-2.131650334098597e-05
8.201970443349753	5.795092950016538e-05	-2.130231271282601e-05
8.193001640240569	5.798001947186495e-05	-2.128808215656831e-05
8.184052430365922	5.800905270792674e-05	-2.127381185889732e-05
8.175122749590834	5.803802916694166e-05	-2.125950200644383e-05
8.166212534059945	5.806694880818847e-05	-2.124515278585413e-05
8.15732172019597	5.809581159163291e-05	-2.123076438370098e-05
8.148450244698205	5.812461747792692e-05	-2.121633698656216e-05
8.139598044541009	5.815336642840774e-05	-2.120187078093554e-05
8.130765056972328	5.818205840509709e-05	-2.118736595331968e-05
8.121951219512196	5.821069337070025e-05	-2.117282269013345e-05
8.113156469951273	5.823927128860516e-05	-2.11582411777755e-05
8.104380746349378	5.826779212288151e-05	-2.114362160257626e-05
8.095623987034037	5.829625583827975e-05	-2.11289641508221e-05
8.086886130599028	5.832466240023021e-05	-2.111426900873381e-05
8.078167115902966	5.835301177484206e-05	-2.10995363624773e-05
8.069466882067852	5.838130392890229e-05	-2.108476639815248e-05
8.060785368477676	5.840953882987475e-05	-2.106995930179567e-05
8.052122514777002	5.843771644589909e-05	-2.105511525936038e-05
8.043478260869566	5.846583674578973e-05	-2.104023445675313e-05
8.034852546916891	5.849389969903477e-05	-2.102531707977095e-05
8.026245313336906	5.85219052757949e-05	-2.101036331415826e-05
8.01765650080257	5.85498534469023e-05	-2.099537334556937e-05
8.009086050240512	5.857774418385955e-05	-2.098034735955846e-05
8.000533902829687	5.860557745883843e-05	-2.096528554160851e-05
7.991999999999999	5.863335324467883e-05	-2.095018807711222e-05
7.983484283431007	5.866107151488754e-05	-2.093505515133931e-05
7.974986695050558	5.868873224363711e-05	-2.091988694949991e-05
7.966507177033493	5.871633540576457e-05	-2.090468365667634e-05
7.958045671800318	5.874388097677024e-05	-2.088944545784927e-05
7.949602122015916	5.877136893281652e-05	-2.087417253791015e-05
7.941176470588236	5.879879925072664e-05	-2.08588650816171e-05
7.932768660667021	5.882617190798333e-05	-2.084352327362723e-05
7.924378635642517	5.885348688272762e-05	-2.082814729848384e-05
7.916006339144214	5.888074415375747e-05	-2.0812737340601e-05
7.907651715039577	5.890794370052644e-05	-2.079729358426956e-05
7.899314707432787	5.893508550314248e-05	-2.078181621367408e-05
7.890995260663506	5.896216954236642e-05	-2.076630541285271e-05
7.882693319305628	5.898919579961074e-05	-2.075076136571631e-05
7.874408828166053	5.901616425693812e-05	-2.073518425603832e-05
7.866141732283464	5.904307489706006e-05	-2.071957426747617e-05
7.85789197692711	5.90699277033355e-05	-2.070393158352717e-05
7.8496595075956	5.909672265976934e-05	-2.06882563875292e-05
7.841444270015699	5.912345975101109e-05	-2.067254886271828e-05
7.83324621014114	5.915013896235334e-05	-2.065680919214758e-05
7.825065274151436	5.917676027973034e-05	-2.064103755874755e-05
7.816901408450704	5.920332368971648e-05	-2.062523414525128e-05
7.808754559666492	5.922982917952486e-05	-2.060939913428416e-05
7.800624674648621	5.92562767370057e-05	-2.059353270828396e-05
7.79251170046802	5.928266635064491e-05	-2.057763504952634e-05
7.784415584415585	5.930899800956248e-05	-2.056170634013033e-05
7.776336274001039	5.933527170351095e-05	-2.054574676204419e-05
7.768273716951789	5.936148742287388e-05	-2.052975649704058e-05
7.760227861211809	5.938764515866427e-05	-2.051373572672686e-05
7.752198654940508	5.941374490252289e-05	-2.049768463253503e-05
7.744186046511629	5.943978664671681e-05	-2.048160339570457e-05
7.736189984512133	5.946577038413769e-05	-2.046549219731106e-05
7.728210417741106	5.949169610830018e-05	-2.044935121823118e-05
7.720247295208656	5.951756381334027e-05	-2.043318063916698e-05
7.712300566134842	5.954337349401367e-05	-2.041698064062714e-05
7.704370179948587	5.956912514569412e-05	-2.040075140291756e-05
7.696456086286597	5.959481876437172e-05	-2.038449310616315e-05
7.688558234992304	5.962045434665125e-05	-2.036820593029608e-05
7.680676576114813	5.964603188975041e-05	-2.035189005502091e-05
7.672811059907834	5.96715513914982e-05	-2.033554565987752e-05
7.664961636828643	5.969701285033318e-05	-2.031917292416513e-05
7.657128257537047	5.972241626530162e-05	-2.030277202700898e-05
7.649310872894334	5.974776163605589e-05	-2.028634314730346e-05
7.641509433962263	5.977304896285266e-05	-2.026988646372153e-05
7.633723892002037	5.979827824655109e-05	-2.025340215474935e-05
7.625954198473281	5.982344948861109e-05	-2.023689039864037e-05
7.618200305033045	5.984856269109152e-05	-2.022035137341686e-05
7.610462163534789	5.987361785664833e-05	-2.02037852569002e-05
7.602739726027397	5.98986149885329e-05	-2.018719222668803e-05
7.595032944754181	5.992355409059003e-05	-2.017057246011271e-05
7.587341772151899	5.994843516725621e-05	-2.015392613432919e-05
7.579666160849773	5.997325822355777e-05	-2.013725342622126e-05
7.572006063668519	5.999802326510901e-05	-2.012055451246338e-05
7.564361433619385	6.002273029811028e-05	-2.010382956947854e-05
7.556732223903177	6.004737932934625e-05	-2.008707877345706e-05
7.549118387909321	6.007197036618385e-05	-2.007030230033981e-05
7.541519879214897	6.00965034165705e-05	-2.005350032583941e-05
7.533936651583711	6.012097848903218e-05	-2.003667302540723e-05
7.526368658965345	6.014539559267144e-05	-2.001982057425719e-05
7.51881585549423	6.016975473716561e-05	-2.000294314735111e-05
7.511278195488723	6.019405593276475e-05	-1.998604091938667e-05
7.503755633450177	6.021829919028976e-05	-1.996911406482184e-05
7.496248124062032	6.024248452113042e-05	-1.995216275785122e-05
7.488755622188907	6.026661193724347e-05	-1.99351871724123e-05
7.481278082875686	6.029068145115056e-05	-1.991818748217376e-05
7.473815461346635	6.031469307593636e-05	-1.990116386055049e-05
7.466367713004486	6.03386468252465e-05	-1.988411648068002e-05
7.458934793429567	6.036254271328567e-05	-1.986704551544464e-05
7.451516658378916	6.038638075481549e-05	-1.98499511374499e-05
7.444113263785395	6.041016096515264e-05	-1.983283351903692e-05
7.436724565756824	6.043388336016671e-05	-1.981569283225256e-05
7.429350520575112	6.045754795627831e-05	-1.97985292488805e-05
7.421991084695394	6.048115477045693e-05	-1.978134294044494e-05
7.414646214745175	6.050470382021897e-05	-1.976413407815829e-05
7.407315867523479	6.052819512362558e-05	-1.974690283295646e-05
7.400000000000001	6.055162869928078e-05	-1.972964937551149e-05
7.392698569314256	6.057500456632926e-05	-1.971237387618457e-05
7.385411532774765	6.059832274445436e-05	-1.969507650506586e-05
7.378138847858198	6.062158325387598e-05	-1.967775743194881e-05
7.370880472208558	6.064478611534853e-05	-1.966041682632583e-05
7.363636363636363	6.066793135015881e-05	-1.96430548574103e-05
7.35640648011782	6.069101898012387e-05	-1.962567169410967e-05
7.349190779794017	6.071404902758904e-05	-1.960826750503359e-05
7.341989220970112	6.073702151542566e-05	-1.959084245850246e-05
7.334801762114537	6.075993646702909e-05	-1.957339672251509e-05
7.32762836185819	6.078279390631652e-05	-1.955593046478772e-05
7.32046897899365	6.080559385772485e-05	-1.953844385272493e-05
7.313323572474378	6.082833634620861e-05	-1.952093705340586e-05
7.306192101413945	6.085102139723772e-05	-1.950341023362299e-05
7.299074525085242	6.087364903679547e-05	-1.948586355985482e-05
7.291970802919709	6.089621929137626e-05	-1.946829719825155e-05
7.284880894506563	6.091873218798347e-05	-1.94507113146662e-05
7.277804759592035	6.094118775412735e-05	-1.943310607463163e-05
7.270742358078603	6.096358601782284e-05	-1.941548164334893e-05
7.263693650024238	6.098592700758732e-05	-1.939783818572193e-05
7.256658595641648	6.100821075243855e-05	-1.938017586632112e-05
7.249637155297534	6.103043728189235e-05	-1.936249484938653e-05
7.242629289511841	6.105260662596058e-05	-1.934479529884088e-05
7.235634958957026	6.107471881514882e-05	-1.932707737829061e-05
7.22865412445731	6.10967738804542e-05	-1.930934125099941e-05
7.221686746987952	6.111877185336327e-05	-1.929158707990946e-05
7.214732787674531	6.114071276584968e-05	-1.927381502762338e-05
7.207792207792208	6.116259665037209e-05	-1.925602525642283e-05
7.200864968765016	6.118442353987182e-05	-1.923821792823699e-05
7.193951032165147	6.120619346777083e-05	-1.922039320468699e-05
7.187050359712231	6.122790646796928e-05	-1.920255124702139e-05
7.18016291327264	6.124956257484349e-05	-1.918469221618257e-05
7.173288654858784	6.127116182324358e-05	-1.916681627275269e-05
7.166427546628408	6.129270424849129e-05	-1.91489235769812e-05
7.159579550883898	6.131418988637781e-05	-1.913101428876333e-05
7.152744630071599	6.133561877316138e-05	-1.911308856765936e-05
7.145922746781116	6.135699094556522e-05	-1.909514657287918e-05
7.13911386374464	6.137830644077519e-05	-1.907718846329075e-05
7.132317943836268	6.139956529643755e-05	-1.905921439740389e-05
7.125534950071327	6.142076755065676e-05	-1.904122453336405e-05
7.118764845605701	6.144191324199315e-05	-1.90232190290086e-05
7.112007593735169	6.146300240946074e-05	-1.900519804178818e-05
7.105263157894736	6.14840350925249e-05	-1.898716172879202e-05
7.098531501657982	6.15050113311002e-05	-1.896911024677169e-05
7.091812588736394	6.152593116554801e-05	-1.895104375212354e-05
7.085106382978723	6.154679463667436e-05	-1.893296240086282e-05
7.078412848370336	6.156760178572757e-05	-1.891486634867315e-05
7.071731949032563	6.158835265439609e-05	-1.889675575084633e-05
7.065063649222066	6.160904728480612e-05	-1.887863076234344e-05
7.058407913330194	6.162968571951936e-05	-1.886049153773826e-05
7.051764705882354	6.165026800153081e-05	-1.88423382312429e-05
7.045133991537378	6.167079417426639e-05	-1.882417099670941e-05
7.038515735086895	6.169126428158074e-05	-1.880598998762803e-05
7.031909901454718	6.171167836775489e-05	-1.878779535709539e-05
7.025316455696204	6.173203647749401e-05	-1.876958725786928e-05
7.018735362997658	6.175233865592508e-05	-1.875136584231667e-05
7.012166588675714	6.177258494859467e-05	-1.873313126242543e-05
7.005610098176719	6.179277540146658e-05	-1.871488366983111e-05
6.999065857076133	6.181291006091966e-05	-1.869662321578399e-05
6.992533831077929	6.183298897374539e-05	-1.867835005116815e-05
6.986013986013987	6.185301218714565e-05	-1.866006432646714e-05
6.979506287843502	6.187297974873054e-05	-1.864176619180626e-05
6.973010702652397	6.189289170651585e-05	-1.862345579693737e-05
6.96652719665272	6.1912748108921e-05	-1.860513329120118e-05
6.960055736182071	6.193254900476665e-05	-1.858679882360065e-05
6.953596287703015	6.195229444327233e-05	-1.856845254272409e-05
6.947148817802503	6.197198447405434e-05	-1.855009459677819e-05
6.940713293191291	6.199161914712327e-05	-1.853172513361407e-05
6.934289680703378	6.201119851288183e-05	-1.851334430065781e-05
6.927877947295423	6.20307226221225e-05	-1.849495224498123e-05
6.921478060046189	6.205019152602523e-05	-1.847654911325763e-05
6.915089986155976	6.20696052761552e-05	-1.845813505177131e-05
6.908713692946058	6.208896392446051e-05	-1.843971020640875e-05
6.90234914785813	6.210826752326981e-05	-1.84212747226904e-05
6.895996318453751	6.212751612529014e-05	-1.840282874572796e-05
6.889655172413793	6.214670978360454e-05	-1.838437242024219e-05
6.883325677537897	6.216584855166983e-05	-1.836590589057081e-05
6.87700780174392	6.218493248331424e-05	-1.834742930064708e-05
6.870701513067401	6.220396163273515e-05	-1.832894279402164e-05
6.864406779661017	6.222293605449688e-05	-1.831044651383495e-05
6.858123569794051	6.224185580352829e-05	-1.829194060284773e-05
6.851851851851853	6.226072093512055e-05	-1.827342520341572e-05
6.845591594335314	6.227953150492486e-05	-1.825490045751009e-05
6.839342765860339	6.229828756895016e-05	-1.823636650667272e-05
6.833105335157319	6.23169891835608e-05	-1.821782349208692e-05
6.826879271070615	6.233563640547435e-05	-1.819927155450389e-05
6.820664542558035	6.235422929175918e-05	-1.818071083429448e-05
6.814461118690315	6.237276789983239e-05	-1.816214147141724e-05
6.808268968650613	6.239125228745733e-05	-1.814356360542652e-05
6.802088061734	6.24096825127414e-05	-1.81249773754959e-05
6.795918367346939	6.242805863413382e-05	-1.810638292036989e-05
6.789759855006797	6.244638071042332e-05	-1.808778037839723e-05
6.783612494341331	6.24646488007358e-05	-1.806916988753405e-05
6.777476255088195	6.248286296453223e-05	-1.805055158531962e-05
6.771351107094442	6.25010232616062e-05	-1.803192560888857e-05
6.765237020316026	6.251912975208176e-05	-1.801329209497325e-05
6.759133964817321	6.253718249641117e-05	-1.799465117988966e-05
6.753041910770617	6.255518155537256e-05	-1.797600299956301e-05
6.74696082845565	6.25731269900677e-05	-1.795734768949872e-05
6.74089068825911	6.259101886191986e-05	-1.793868538479352e-05
6.734831460674157	6.26088572326713e-05	-1.792001622013838e-05
6.728783116299955	6.262664216438132e-05	-1.790134032980628e-05
6.722745625841184	6.264437371942377e-05	-1.788265784768619e-05
6.716718960107576	6.266205196048495e-05	-1.78639689072223e-05
6.710703090013435	6.26796769505613e-05	-1.784527364146329e-05
6.704697986577181	6.269724875295717e-05	-1.782657218305372e-05
6.698703620920877	6.271476743128259e-05	-1.780786466421013e-05
6.692719964269763	6.273223304945106e-05	-1.77891512167442e-05
6.686746987951808	6.274964567167725e-05	-1.777043197206307e-05
6.680784663397236	6.276700536247482e-05	-1.775170706114089e-05
6.674832962138085	6.278431218665419e-05	-1.773297661455961e-05
6.668891855807745	6.280156620932035e-05	-1.771424076246702e-05
6.662961316140508	6.281876749587053e-05	-1.76954996346104e-05
6.657041314971124	6.283591611199214e-05	-1.767675336031615e-05
6.651131824234356	6.285301212366037e-05	-1.765800206849533e-05
6.645232815964524	6.287005559713616e-05	-1.76392458876429e-05
6.639344262295083	6.28870465989639e-05	-1.762048494583792e-05
6.633466135458169	6.290398519596924e-05	-1.760171937074881e-05
6.627598407784165	6.292087145525688e-05	-1.758294928961345e-05
6.621741051701282	6.293770544420842e-05	-1.75641748292652e-05
6.6158940397351	6.295448723048006e-05	-1.754539611611609e-05
6.61005734450816	6.297121688200058e-05	-1.752661327615797e-05
6.604230938739533	6.298789446696902e-05	-1.75078264349686e-05
6.598414795244386	6.30045200538525e-05	-1.748903571770577e-05
6.592608886933567	6.302109371138418e-05	-1.747024124910045e-05
6.586813186813187	6.303761550856089e-05	-1.745144315348161e-05
6.58102766798419	6.305408551464113e-05	-1.743264155474864e-05
6.575252303641949	6.307050379914279e-05	-1.741383657638142e-05
6.569487067075843	6.308687043184106e-05	-1.739502834143921e-05
6.563731931668856	6.310318548276625e-05	-1.737621697256821e-05
6.557986870897156	6.31194490222016e-05	-1.735740259199578e-05
6.552251858329689	6.313566112068123e-05	-1.733858532151118e-05
6.546526867627785	6.315182184898786e-05	-1.731976528250879e-05
6.54081187254474	6.31679312781508e-05	-1.730094259594304e-05
6.535106846925425	6.318398947944371e-05	-1.72821173823623e-05
6.529411764705882	6.319999652438256e-05	-1.726328976188126e-05
6.52372659991293	6.321595248472343e-05	-1.724445985420009e-05
6.518051326663767	6.323185743246042e-05	-1.722562777860271e-05
6.51238591916558	6.324771143982353e-05	-1.720679365394035e-05
6.506730351715155	6.326351457927655e-05	-1.718795759865656e-05
6.501084598698482	6.327926692351498e-05	-1.716911973076144e-05
6.495448634590377	6.329496854546382e-05	-1.715028016785723e-05
6.489822433954093	6.331061951827564e-05	-1.713143902710486e-05
6.484205971440935	6.332621991532829e-05	-1.711259642527124e-05
6.478599221789884	6.334176981022304e-05	-1.709375247867442e-05
6.473002159827215	6.335726927678224e-05	-1.707490730322903e-05
6.467414760466121	6.337271838904747e-05	-1.705606101442379e-05
6.46183699870634	6.338811722127731e-05	-1.703721372732212e-05
6.456268849633779	6.340346584794536e-05	-1.701836555657125e-05
6.450710288420147	6.341876434373812e-05	-1.699951661638946e-05
6.445161290322582	6.343401278355299e-05	-1.698066702058659e-05
6.439621830683285	6.344921124249615e-05	-1.696181688253845e-05
6.434091884929154	6.346435979588056e-05	-1.694296631520029e-05
6.428571428571429	6.34794585192239e-05	-1.692411543111965e-05
6.423060437205317	6.349450748824651e-05	-1.690526434240882e-05
6.417558886509636	6.350950677886944e-05	-1.68864131607573e-05
6.41206675224647	6.352445646721229e-05	-1.686756199744789e-05
6.406584010260795	6.353935662959133e-05	-1.684871096333368e-05
6.401110636480137	6.355420734251735e-05	-1.682986016884067e-05
6.395646606914213	6.356900868269378e-05	-1.681100972398809e-05
6.390191897654584	6.358376072701456e-05	-1.679215973836227e-05
6.384746484874307	6.359846355256223e-05	-1.677331032113246e-05
6.379310344827586	6.361311723660594e-05	-1.675446158105895e-05
6.373883453849427	6.362772185659932e-05	-1.673561362645785e-05
6.368465788355291	6.364227749017873e-05	-1.671676656524912e-05
6.363057324840764	6.365678421516107e-05	-1.66979205049214e-05
6.357658039881205	6.367124210954194e-05	-1.667907555253992e-05
6.352267910131411	6.368565125149361e-05	-1.666023181475398e-05
6.346886912325286	6.370001171936307e-05	-1.66413893978067e-05
6.341515023275497	6.371432359167012e-05	-1.662254840749713e-05
6.33615221987315	6.372858694710536e-05	-1.660370894922531e-05
6.330798479087452	6.374280186452827e-05	-1.658487112796161e-05
6.325453777965387	6.375696842296529e-05	-1.656603504826653e-05
6.320118093631379	6.377108670160787e-05	-1.654720081427361e-05
6.314791403286979	6.378515677981057e-05	-1.652836852969647e-05
6.309473684210527	6.37991787370891e-05	-1.650953829785356e-05
6.304164913756837	6.381315265311842e-05	-1.649071022160929e-05
6.298865069356873	6.382707860773092e-05	-1.647188440344588e-05
6.293574128517431	6.384095668091432e-05	-1.645306094540345e-05
6.288292068820815	6.385478695281001e-05	-1.64342399491182e-05
6.28301886792453	6.3868569503711e-05	-1.641542151580375e-05
6.277754503560956	6.388230441406009e-05	-1.639660574626478e-05
6.272498953537045	6.3895991764448e-05	-1.637779274088654e-05
6.267252195734003	6.390963163561149e-05	-1.635898259962837e-05
6.262014208106979	6.392322410843154e-05	-1.634017542205335e-05
6.25678496868476	6.393676926393134e-05	-1.632137130730133e-05
6.251564455569462	6.395026718327469e-05	-1.630257035408711e-05
6.246352646936225	6.396371794776391e-05	-1.628377266072943e-05
6.241149521032904	6.397712163883815e-05	-1.626497832511911e-05
6.235955056179776	6.399047833807153e-05	-1.624618744474104e-05
6.230769230769232	6.400378812717126e-05	-1.622740011666688e-05
6.225592023265475	6.40170510879759e-05	-1.620861643755106e-05
6.220423412204235	6.403026730245348e-05	-1.618983650363971e-05
6.215263376192452	6.404343685269974e-05	-1.617106041076256e-05
6.210111893907998	6.405655982093628e-05	-1.615228825434718e-05
6.204968944099379	6.406963628950883e-05	-1.61335201293979e-05
6.199834505585437	6.408266634088542e-05	-1.611475613051773e-05
6.194708557255065	6.409565005765461e-05	-1.609599635188811e-05
6.189591078066915	6.410858752252369e-05	-1.607724088729745e-05
6.184482047049112	6.412147881831698e-05	-1.605848983011108e-05
6.179381443298969	6.413432402797399e-05	-1.603974327329351e-05
6.174289245982695	6.414712323454772e-05	-1.602100130938858e-05
6.169205434335118	6.41598765212029e-05	-1.600226403055237e-05
6.1641299876594	6.417258397121422e-05	-1.59835315285114e-05
6.159062885326757	6.418524566796465e-05	-1.596480389459779e-05
6.154004106776181	6.419786169494364e-05	-1.594608121973401e-05
6.148953631514157	6.421043213574546e-05	-1.592736359444029e-05
6.143911439114391	6.42229570740675e-05	-1.590865110883187e-05
6.138877509217535	6.423543659370845e-05	-1.588994385258895e-05
6.133851821530905	6.424787077856674e-05	-1.587124191503873e-05
6.128834355828222	6.426025971263872e-05	-1.585254538507132e-05
6.123825091949326	6.427260348001711e-05	-1.583385435117692e-05
6.118824009799919	6.428490216488918e-05	-1.58151689014492e-05
6.113831089351286	6.429715585153514e-05	-1.579648912356623e-05
6.108846310640033	6.430936462432651e-05	-1.577781510482586e-05
6.103869653767821	6.432152856772439e-05	-1.57591469321023e-05
6.098901098901099	6.433364776627781e-05	-1.574048469187845e-05
6.093940626270843	6.434572230462217e-05	-1.572182847023936e-05
6.088988216172289	6.435775226747746e-05	-1.570317835287141e-05
6.084043848964678	6.436973773964676e-05	-1.568453442504967e-05
6.079107505070994	6.438167880601454e-05	-1.566589677165965e-05
6.074179164977706	6.439357555154504e-05	-1.564726547719145e-05
6.069258809234508	6.440542806128071e-05	-1.562864062572859e-05
6.064346418454067	6.44172364203405e-05	-1.561002230096902e-05
6.059441973311767	6.44290007139184e-05	-1.559141058619802e-05
6.054545454545454	6.444072102728173e-05	-1.557280556432101e-05
6.049656842955189	6.44523974457696e-05	-1.555420731784049e-05
6.044776119402985	6.446403005479132e-05	-1.553561592886711e-05
6.039903264812575	6.44756189398249e-05	-1.551703147911206e-05
6.03503826016915	6.448716418641534e-05	-1.549845404990089e-05
6.030181086519115	6.449866588017319e-05	-1.54798837221595e-05
6.025331724969844	6.451012410677297e-05	-1.546132057642671e-05
6.020490156689434	6.452153895195163e-05	-1.54427646928546e-05
6.015656362906463	6.453291050150694e-05	-1.542421615118541e-05
6.010830324909747	6.454423884129608e-05	-1.540567503078692e-05
6.006012024048096	6.455552405723402e-05	-1.53871414106389e-05
6.001201441730077	6.456676623529204e-05	-1.536861536932449e-05
5.99639855942377	6.457796546149629e-05	-1.535009698503951e-05
5.991603358656538	6.45891218219261e-05	-1.533158633559905e-05
5.986815821014783	6.460023540271269e-05	-1.531308349842155e-05
5.982035928143713	6.461130629003754e-05	-1.529458855054797e-05
5.977263661747109	6.462233457013098e-05	-1.527610156862554e-05
5.972499003587087	6.463332032927072e-05	-1.525762262892317e-05
5.967741935483872	6.464426365378031e-05	-1.523915180732816e-05
5.96299243931556	6.465516463002772e-05	-1.522068917932866e-05
5.958250497017893	6.466602334442396e-05	-1.520223482005163e-05
5.95351609058403	6.467683988342149e-05	-1.518378880422495e-05
5.948789202064312	6.468761433351289e-05	-1.516535120620507e-05
5.944069813566045	6.469834678122935e-05	-1.514692209995864e-05
5.93935790725327	6.470903731313936e-05	-1.512850155908369e-05
5.934653465346535	6.47196860158471e-05	-1.51100896567939e-05
5.929956470122676	6.473029297599126e-05	-1.509168646592382e-05
5.925266903914591	6.474085828024343e-05	-1.507329205891869e-05
5.920584749111024	6.475138201530683e-05	-1.505490650787576e-05
5.915909988156336	6.476186426791483e-05	-1.503652988448506e-05
5.911242603550296	6.477230512482965e-05	-1.501816226008519e-05
5.906582577847852	6.478270467284093e-05	-1.499980370562488e-05
5.90192989365892	6.479306299876437e-05	-1.498145429167885e-05
5.89728453364817	6.480338018944035e-05	-1.496311408845772e-05
5.892646480534802	6.481365633173262e-05	-1.494478316579399e-05
5.888015717092338	6.482389151252687e-05	-1.492646159315e-05
5.88339222614841	6.483408581872952e-05	-1.490814943961913e-05
5.878775990584543	6.48442393372662e-05	-1.488984677391906e-05
5.874166993335947	6.485435215508058e-05	-1.487155366439622e-05
5.869565217391305	6.486442435913296e-05	-1.485327017903569e-05
5.864970645792564	6.487445603639904e-05	-1.483499638545789e-05
5.860383261634729	6.488444727386844e-05	-1.481673235090555e-05
5.855803048065651	6.489439815854363e-05	-1.479847814225661e-05
5.851229988285827	6.490430877743845e-05	-1.478023382603548e-05
5.846664065548186	6.491417921757688e-05	-1.476199946837857e-05
5.842105263157895	6.492400956599183e-05	-1.474377513508174e-05
5.837553564472147	6.493379990972373e-05	-1.472556089156781e-05
5.833008952899962	6.494355033581939e-05	-1.470735680289889e-05
5.828471411901984	6.495326093133063e-05	-1.468916293377194e-05
5.823940924990284	6.496293178331318e-05	-1.467097934853008e-05
5.819417475728156	6.497256297882519e-05	-1.465280611114467e-05
5.814901047729919	6.498215460492627e-05	-1.463464328524095e-05
5.810391624660721	6.499170674867605e-05	-1.461649093407776e-05
5.805889190236342	6.500121949713303e-05	-1.459834912056755e-05
5.801393728222997	6.501069293735337e-05	-1.45802179072462e-05
5.796905222437139	6.502012715638968e-05	-1.456209735630871e-05
5.792423656745265	6.502952224128973e-05	-1.454398752959687e-05
5.787949015063731	6.50388782790954e-05	-1.452588848858619e-05
5.78348128135855	6.504819535684139e-05	-1.450780029440798e-05
5.779020439645199	6.505747356155397e-05	-1.448972300784438e-05
5.77456647398844	6.506671298025001e-05	-1.447165668931412e-05
5.770119368502119	6.507591369993556e-05	-1.445360139889358e-05
5.76567910734898	6.508507580760489e-05	-1.443555719630598e-05
5.761245674740485	6.509419939023921e-05	-1.441752414092836e-05
5.756819054936612	6.510328453480554e-05	-1.439950229178603e-05
5.752399232245681	6.511233132825561e-05	-1.438149170755875e-05
5.747986191024165	6.512133985752468e-05	-1.436349244657984e-05
5.743579915676505	6.513031020953043e-05	-1.434550456683549e-05
5.739180390654921	6.51392424711718e-05	-1.432752812597188e-05
5.734787600459242	6.514813672932794e-05	-1.430956318128533e-05
5.730401529636711	6.515699307085699e-05	-1.429160978972733e-05
5.726022162781811	6.516581158259509e-05	-1.427366800791712e-05
5.721649484536083	6.517459235135522e-05	-1.425573789212346e-05
5.717283479587944	6.518333546392613e-05	-1.423781949828236e-05
5.712924132672513	6.519204100707124e-05	-1.42199128819785e-05
5.708571428571429	6.520070906752755e-05	-1.420201809846536e-05
5.704225352112677	6.520933973200461e-05	-1.418413520266638e-05
5.699885888170408	6.521793308718342e-05	-1.416626424915385e-05
5.695553021664766	6.522648921971536e-05	-1.414840529217229e-05
5.691226737561717	6.523500821622122e-05	-1.413055838562274e-05
5.686907020872866	6.524349016329004e-05	-1.411272358308558e-05
5.68259385665529	6.525193514747816e-05	-1.409490093779557e-05
5.678287230011369	6.526034325530812e-05	-1.407709050266051e-05
5.673987126088603	6.52687145732677e-05	-1.405929233025383e-05
5.669693530079456	6.527704918780885e-05	-1.404150647282253e-05
5.665406427221173	6.52853471853467e-05	-1.402373298228252e-05
5.661125802795618	6.529360865225856e-05	-1.400597191021529e-05
5.656851642129106	6.530183367488287e-05	-1.398822330787517e-05
5.65258393059223	6.531002233951832e-05	-1.39704872262021e-05
5.648322653599699	6.531817473242272e-05	-1.395276371579179e-05
5.64406779661017	6.53262909398121e-05	-1.393505282692941e-05
5.639819345126083	6.533437104785976e-05	-1.391735460956065e-05
5.635577284693494	6.534241514269523e-05	-1.389966911332572e-05
5.631341600901917	6.535042331040338e-05	-1.388199638752922e-05
5.627112279384154	6.535839563702341e-05	-1.386433648115384e-05
5.622889305816135	6.536633220854787e-05	-1.384668944286335e-05
5.61867266591676	6.537423311092187e-05	-1.382905532100811e-05
5.614462345447733	6.538209843004199e-05	-1.381143416361671e-05
5.610258330213403	6.538992825175539e-05	-1.379382601839596e-05
5.606060606060606	6.539772266185891e-05	-1.377623093273227e-05
5.601869158878504	6.540548174609819e-05	-1.375864895370206e-05
5.59768397459843	6.541320559016659e-05	-1.374108012806549e-05
5.59350503919373	6.542089427970455e-05	-1.37235245022718e-05
5.589332338679598	6.542854790029845e-05	-1.370598212244913e-05
5.585165859112934	6.543616653747988e-05	-1.368845303441617e-05
5.581005586592179	6.544375027672465e-05	-1.367093728368257e-05
5.576851507257165	6.545129920345193e-05	-1.365343491544297e-05
5.572703607288955	6.545881340302345e-05	-1.363594597458345e-05
5.568561872909699	6.546629296074255e-05	-1.361847050568245e-05
5.564426290382474	6.547373796185336e-05	-1.360100855300968e-05
5.560296846011132	6.548114849153991e-05	-1.358356016052896e-05
5.556173526140157	6.548852463492531e-05	-1.356612537189943e-05
5.552056317154502	6.549586647707093e-05	-1.354870423046413e-05
5.547945205479452	6.550317410297547e-05	-1.353129677928267e-05
5.543840177580467	6.551044759757425e-05	-1.351390306109075e-05
5.539741219963032	6.55176870457383e-05	-1.349652311833105e-05
5.535648319172516	6.552489253227356e-05	-1.347915699314321e-05
5.531561461794021	6.55320641419201e-05	-1.346180472736941e-05
5.527480634452233	6.553920195935126e-05	-1.344446636254683e-05
5.523405823811279	6.554630606917287e-05	-1.342714193991596e-05
5.519337016574586	6.55533765559225e-05	-1.34098315004233e-05
5.515274199484727	6.556041350406858e-05	-1.33925350847145e-05
5.511217359323281	6.556741699800974e-05	-1.337525273313708e-05
5.507166482910695	6.557438712207384e-05	-1.33579844857545e-05
5.503121557106133	6.558132396051744e-05	-1.334073038231539e-05
5.499082568807339	6.558822759752486e-05	-1.332349046230295e-05
5.495049504950495	6.559509811720746e-05	-1.330626476488425e-05
5.491022352510077	6.560193560360292e-05	-1.328905332894378e-05
5.487001098498718	6.560874014067447e-05	-1.327185619308247e-05
5.482985729967068	6.561551181231013e-05	-1.325467339560716e-05
5.478976234003656	6.562225070232202e-05	-1.323750497452584e-05
5.474972597734745	6.562895689444556e-05	-1.32203509675715e-05
5.470974808324206	6.563563047233882e-05	-1.320321141219221e-05
5.466982852973367	6.564227151958174e-05	-1.318608634554069e-05
5.462996718920889	6.564888011967546e-05	-1.316897580448552e-05
5.459016393442623	6.565545635604156e-05	-1.315187982562985e-05
5.455041863851474	6.56620003120214e-05	-1.313479844526634e-05
5.451073117497272	6.566851207087548e-05	-1.311773169942362e-05
5.44711014176663	6.567499171578258e-05	-1.310067962384548e-05
5.44315292408282	6.568143932983921e-05	-1.308364225400101e-05
5.439201451905626	6.568785499605896e-05	-1.306661962506062e-05
5.435255712731229	6.569423879737162e-05	-1.304961177194804e-05
5.431315694092063	6.57005908166228e-05	-1.303261872927719e-05
5.427381383556683	6.570691113657302e-05	-1.301564053140625e-05
5.423452768729642	6.571319983989719e-05	-1.299867721241449e-05
5.419529837251357	6.57194570091839e-05	-1.298172880610422e-05
5.415612576797976	6.57256827269348e-05	-1.296479534600159e-05
5.411700975081257	6.573187707556392e-05	-1.294787686536967e-05
5.407795019848431	6.573804013739712e-05	-1.293097339718542e-05
5.403894698882078	6.574417199467134e-05	-1.29140849741728e-05
5.400000000000001	6.575027272953404e-05	-1.289721162877231e-05
5.396110911055096	6.575634242404262e-05	-1.288035339316255e-05
5.39222741993523	6.576238116016371e-05	-1.286351029925132e-05
5.388349514563108	6.576838901977261e-05	-1.284668237867882e-05
5.384477182896156	6.577436608465273e-05	-1.282986966281512e-05
5.380610412926391	6.578031243649491e-05	-1.281307218278354e-05
5.3767491926803	6.578622815689687e-05	-1.279628996942431e-05
5.372893510218717	6.579211332736259e-05	-1.277952305332292e-05
5.369043353636689	6.57979680293018e-05	-1.276277146479317e-05
5.365198711063372	6.58037923440293e-05	-1.274603523389873e-05
5.361359570661896	6.580958635276447e-05	-1.272931439044187e-05
5.357525920629246	6.581535013663067e-05	-1.271260896396039e-05
5.353697749196141	6.582108377665467e-05	-1.269591898373511e-05
5.349875044626919	6.58267873537661e-05	-1.267924447879147e-05
5.346057795219408	6.58324609487969e-05	-1.266258547789041e-05
5.342245989304812	6.583810464248077e-05	-1.264594200955582e-05
5.338439615247595	6.584371851545263e-05	-1.262931410203373e-05
5.334638661445354	6.58493026482481e-05	-1.26127017833287e-05
5.330843116328709	6.585485712130288e-05	-1.259610508119294e-05
5.327052968361181	6.586038201495241e-05	-1.257952402312191e-05
5.323268206039077	6.586587740943113e-05	-1.256295863636225e-05
5.319488817891374	6.587134338487208e-05	-1.254640894790633e-05
5.315714792479603	6.587678002130642e-05	-1.252987498451297e-05
5.311946118397731	6.588218739866279e-05	-1.251335677266728e-05
5.308182784272051	6.588756559676699e-05	-1.249685433863224e-05
5.304424778761063	6.589291469534129e-05	-1.248036770840056e-05
5.30067209055536	6.58982347740041e-05	-1.246389690774161e-05
5.296924708377519	6.590352591226935e-05	-1.244744196216592e-05
5.293182620981986	6.590878818954612e-05	-1.243100289694562e-05
5.289445817154959	6.591402168513809e-05	-1.241457973710343e-05
5.285714285714286	6.591922647824306e-05	-1.239817250743449e-05
5.281988015509341	6.592440264795259e-05	-1.238178123247448e-05
5.278266995420924	6.592955027325135e-05	-1.23654059365308e-05
5.274551214361142	6.593466943301681e-05	-1.234904664367282e-05
5.270840661273304	6.593976020601876e-05	-1.23327033777248e-05
5.267135325131809	6.59448226709188e-05	-1.231637616227731e-05
5.263435194942045	6.594985690627e-05	-1.23000650206872e-05
5.25974025974026	6.595486299051629e-05	-1.228376997607269e-05
5.256050508593475	6.595984100199222e-05	-1.226749105131203e-05
5.25236593059937	6.596479101892238e-05	-1.22512282690544e-05
5.248686514886164	6.596971311942105e-05	-1.223498165172095e-05
5.24501225061253	6.597460738149177e-05	-1.221875122149427e-05
5.241343126967473	6.597947388302689e-05	-1.2202537000334e-05
5.23767913317022	6.598431270180721e-05	-1.218633900995791e-05
5.234020258470136	6.598912391550144e-05	-1.217015727186237e-05
5.230366492146596	6.599390760166601e-05	-1.215399180730909e-05
5.226717823508895	6.599866383774447e-05	-1.213784263734715e-05
5.223074241896131	6.600339270106725e-05	-1.212170978278506e-05
5.219435736677116	6.600809426885108e-05	-1.210559326420644e-05
5.215802297250261	6.601276861819885e-05	-1.208949310197918e-05
5.212173913043479	6.601741582609905e-05	-1.20734093162343e-05
5.208550573514078	6.602203596942537e-05	-1.205734192689252e-05
5.204932268148664	6.602662912493649e-05	-1.204129095365189e-05
5.201318986463034	6.603119536927557e-05	-1.202525641596809e-05
5.197710718002082	6.603573477896994e-05	-1.200923833311166e-05
5.194107452339688	6.604024743043073e-05	-1.199323672410644e-05
5.190509179078629	6.604473339995248e-05	-1.19772516077672e-05
5.186915887850468	6.604919276371289e-05	-1.19612830026912e-05
5.183327568315462	6.605362559777236e-05	-1.194533092726245e-05
5.179744210162461	6.605803197807368e-05	-1.192939539964025e-05
5.176165803108809	6.606241198044171e-05	-1.191347643777015e-05
5.172592336900243	6.606676568058307e-05	-1.189757405939638e-05
5.169023801310797	6.607109315408569e-05	-1.188168828203877e-05
5.16546018614271	6.607539447641866e-05	-1.186581912299771e-05
5.161901481226318	6.607966972293174e-05	-1.184996659938535e-05
5.158347676419966	6.608391896885514e-05	-1.183413072807948e-05
5.154798761609908	6.608814228929919e-05	-1.181831152576313e-05
5.151254726710211	6.609233975925399e-05	-1.180250900889959e-05
5.147715561662658	6.609651145358916e-05	-1.178672319375906e-05
5.144181256436664	6.610065744705346e-05	-1.17709540963933e-05
5.14065180102916	6.610477781427458e-05	-1.175520173264213e-05
5.137127185464518	6.610887262975879e-05	-1.173946611815629e-05
5.133607399794451	6.611294196789064e-05	-1.172374726837417e-05
5.130092434097912	6.611698590293275e-05	-1.170804519852557e-05
5.126582278481012	6.61210045090254e-05	-1.16923599236458e-05
5.123076923076924	6.612499786018633e-05	-1.167669145856361e-05
5.119576358045781	6.612896603031053e-05	-1.166103981791424e-05
5.116080573574599	6.613290909316977e-05	-1.164540501611251e-05
5.112589559877176	6.613682712241259e-05	-1.162978706740083e-05
5.109103307193999	6.614072019156379e-05	-1.161418598580491e-05
5.105621805792164	6.614458837402433e-05	-1.159860178516179e-05
5.102145045965271	6.614843174307101e-05	-1.158303447909955e-05
5.098673018033344	6.615225037185625e-05	-1.15674840810672e-05
5.09520571234274	6.615604433340778e-05	-1.155195060430969e-05
5.091743119266055	6.615981370062846e-05	-1.153643406187709e-05
5.088285229202038	6.616355854629602e-05	-1.15209344666267e-05
5.084832032575501	6.616727894306281e-05	-1.150545183122215e-05
5.081383519837233	6.617097496345558e-05	-1.148998616814242e-05
5.077939681463911	6.617464667987517e-05	-1.147453748966415e-05
5.074500507958009	6.617829416459645e-05	-1.145910580788702e-05
5.071065989847717	6.618191748976794e-05	-1.144369113471258e-05
5.067636117686845	6.618551672741166e-05	-1.142829348185727e-05
5.064210882054748	6.61890919494229e-05	-1.141291286084408e-05
5.060790273556232	6.619264322756998e-05	-1.139754928302056e-05
5.057374282821465	6.619617063349412e-05	-1.1382202759543e-05
5.053962900505903	6.619967423870914e-05	-1.136687330137218e-05
5.050556117290193	6.620315411460131e-05	-1.135156091930707e-05
5.047153923880095	6.620661033242915e-05	-1.133626562393821e-05
5.043756311006395	6.621004296332318e-05	-1.132098742569346e-05
5.040363269424824	6.621345207828583e-05	-1.130572633481376e-05
5.036974789915967	6.621683774819115e-05	-1.129048236134603e-05
5.033590863285186	6.622020004378466e-05	-1.12752555151798e-05
5.030211480362539	6.622353903568321e-05	-1.126004580600886e-05
5.026836632002685	6.622685479437471e-05	-1.124485324335083e-05
5.023466309084814	6.623014739021807e-05	-1.122967783655052e-05
5.020100502512564	6.62334168934429e-05	-1.121451959477026e-05
5.016739203213926	6.623666337414947e-05	-1.119937852700357e-05
5.013382402141184	6.62398869023084e-05	-1.118425464206028e-05
5.010030090270813	6.624308754776066e-05	-1.116914794858479e-05
5.006682258603409	6.624626538021727e-05	-1.115405845503742e-05
5.003338898163606	6.624942046925922e-05	-1.11389861697193e-05
5	6.625255288433729e-05	-1.112393110074135e-05
